sampledata/CTD/missing_whitespace.cnv
* Sea-Bird SBE 25plus Data File:
* FileName = H:\20170524_lw01.hex
* Software Version Seasave V 7.23.2
* Temperature SN = 4886
* Conductivity SN = 4292
* System UpLoad Time = May 24 2017 06:41:23
* NMEA Latitude = 51 34.21 N
* NMEA Longitude = 002 15.46 E
* NMEA UTC (Time) = May 24 2017  04:41:07
# nquan = 15                                
# nvalues = 2072                        
# units = specified
# name 0 = prdM: Pressure, Strain Gauge [db]
# name 1 = t090C: Temperature [ITS-90, deg C]
# name 2 = c0uS/cm: Conductivity [uS/cm]
# name 3 = obs3+: OBS, D & A 3plus [NTU]
# name 4 = altM: Altimeter [m]
# name 5 = par: PAR/Irradiance, Biospherical/Licor
# name 6 = flECO-AFL: Fluorescence, WET Labs ECO-AFL/FL [mg/m^3]
# name 7 = sbeox0V: Oxygen raw, SBE 43 [V]
# name 8 = depSM: Depth [salt water, m], lat = 51.5702
# name 9 = sbeox0Mg/L: Oxygen, SBE 43 [mg/l], WS = 2
# name 10 = sbeox0PS: Oxygen, SBE 43 [% saturation], WS = 2
# name 11 = sal00: Salinity, Practical [PSU]
# name 12 = svCM: Sound Velocity [Chen-Millero, m/s]
# name 13 = density00: Density [density, kg/m^3]
# name 14 = flag: flag
# span 0 =      0.082,     24.362       
# span 1 =    12.3601,    13.5804       
# span 2 = -1.493e+04, 1.0116e+06       
# span 3 =     0.0962,    10.3583       
# span 4 =       0.10,      24.91       
# span 5 = 4.4263e-01, 2.4429e+02       
# span 6 =    -0.0282,     7.2097       
# span 7 =     2.4705,     3.2775       
# span 8 =      0.081,     24.148       
# span 9 =  -150.0390,    10.7654       
# span 10 =     74.139,    106.049      
# span 11 =     0.0000,  1999.0000      
# span 12 =    1460.65,    9082.61      
# span 13 =   999.3073,  2999.0000      
# span 14 = 0.0000e+00, 0.0000e+00      
# interval = seconds: 0.25
# start_time = May 24 2017 04:41:22 [NMEA time, first data scan]
# bad_flag = -9.990e-29
*END*
[from data line 1157]
      1.145    12.3638 9.9000e+05     0.4072      24.69 4.8503e+01     0.9641     3.0455      1.135  -136.5742     96.532  1999.0000    9080.58  2999.0000 -9.990e-29
      1.147    12.3636 9.9000e+05     0.3996      24.70 4.8355e+01     0.9809     3.0461      1.137  -136.5890     96.542  1999.0000    9080.58  2999.0000 -9.990e-29
      1.137    12.3636 9.9000e+05     0.3970      24.71 4.8709e+01     0.9935     3.0466      1.127  -136.5845     96.539  1999.0000    9080.60  2999.0000 -9.990e-29
      1.117    12.3638 9.9000e+05     0.3995      24.72 4.9465e+01     0.9995     3.0469      1.107  -136.5604     96.522  1999.0000    9080.65  2999.0000 -9.990e-29
      1.089    12.3640 9.9000e+05     0.4043      24.73 4.9714e+01     1.0006     3.0471      1.080  -136.5364     96.505  1999.0000    9080.72  2999.0000 -9.990e-29
      1.060    12.3642 9.9000e+05     0.4085      24.72 4.9403e+01     0.9983     3.0471      1.051  -136.5085     96.485  1999.0000    9080.79  2999.0000 -9.990e-29
      1.035    12.3643 9.9000e+05     0.4115      24.72 4.8896e+01     0.9956     3.0471      1.026  -136.4888     96.472  1999.0000    9080.85  2999.0000 -9.990e-29
      1.023    12.3642 9.9000e+05     0.4158      24.72 4.8012e+01     0.9946     3.0471      1.014  -136.4780     96.464  1999.0000    9080.88  2999.0000 -9.990e-29
      1.028    12.3641 9.9000e+05     0.4244      24.72 4.6862e+01     0.9957     3.0472      1.019  -136.4784     96.464  1999.0000    9080.87  2999.0000 -9.990e-29
      1.054    12.3640 9.9000e+05     0.4323      24.71 4.6014e+01     0.9982     3.0472      1.045  -136.4783     96.464  1999.0000    9080.80  2999.0000 -9.990e-29
      1.095    12.3639 9.9000e+05     0.4312      24.69 4.5600e+01     1.0002     3.0472      1.085  -136.4752     96.462  1999.0000    9080.70  2999.0000 -9.990e-29
      1.143    12.3638 9.9000e+05     0.4259      24.67 4.5527e+01     0.9989     3.0472      1.133  -136.4723     96.460  1999.0000    9080.59  2999.0000 -9.990e-29
      1.189    12.3637 9.9000e+05     0.4251      24.66 4.5670e+01     0.9925     3.0472      1.179  -136.4694     96.458  1999.0000    9080.47  2999.0000 -9.990e-29
      1.228    12.3637 9.9000e+05     0.4247      24.65 4.5505e+01     0.9791     3.0472      1.217  -136.4719     96.460  1999.0000    9080.37  2999.0000 -9.990e-29
      1.256    12.3637 9.9000e+05     0.4163      24.64 4.4848e+01     0.9615     3.0471      1.245  -136.4764     96.463  1999.0000    9080.30  2999.0000 -9.990e-29
      1.270    12.3636 9.9000e+05     0.4036      24.62 4.4530e+01     0.9471     3.0471      1.259  -136.4965     96.477  1999.0000    9080.27  2999.0000 -9.990e-29
      1.268    12.3637 9.9000e+05     0.3928      24.61 4.5299e+01     0.9381     3.0471      1.257  -136.5314     96.502  1999.0000    9080.27  2999.0000 -9.990e-29
      1.252    12.3637 9.9000e+05     0.3866      24.60 4.6626e+01     0.9322     3.0472      1.241  -136.5813     96.537  1999.0000    9080.31  2999.0000 -9.990e-29
      1.224    12.3639 9.9000e+05     0.3881      24.60 4.7286e+01     0.9280     3.0475      1.213  -136.6468     96.583  1999.0000    9080.38  2999.0000 -9.990e-29
      1.193    12.3642 9.9000e+05     0.3973      24.59 4.7143e+01     0.9242     3.0480      1.183  -136.7223     96.637  1999.0000    9080.45  2999.0000 -9.990e-29
      1.167    12.3644 9.9000e+05     0.4099      24.58 4.7223e+01     0.9195     3.0488      1.157  -136.8103     96.699  1999.0000    9080.51  2999.0000 -9.990e-29
      1.153    12.3641 9.9000e+05     0.4207      24.57 4.7612e+01     0.9128     3.0496      1.143  -136.8842     96.751  1999.0000    9080.55  2999.0000 -9.990e-29
      1.154    12.3637 9.9000e+05     0.4294      24.56 4.7686e+01     0.9035     3.0504      1.144  -136.9353     96.787  1999.0000    9080.56  2999.0000 -9.990e-29
      1.169    12.3634 9.9000e+05     0.4357      24.55 4.7854e+01     0.8946     3.0513      1.159  -136.9683     96.810  1999.0000    9080.53  2999.0000 -9.990e-29
      1.195    12.3633 9.9000e+05     0.4364      24.54 4.8359e+01     0.8906     3.0522      1.185  -136.9772     96.817  1999.0000    9080.47  2999.0000 -9.990e-29
      1.223    12.3634 9.9000e+05     0.4348      24.52 4.8444e+01     0.8935     3.0529      1.212  -136.9617     96.806  1999.0000    9080.39  2999.0000 -9.990e-29
      1.249    12.3634 9.9000e+05     0.4390      24.51 4.7880e+01     0.9041     3.0533      1.238  -136.9226     96.778  1999.0000    9080.33  2999.0000 -9.990e-29
      1.267    12.3634 9.9000e+05     0.4474      24.50 4.7358e+01     0.9195     3.0535      1.256  -136.8663     96.738  1999.0000    9080.28  2999.0000 -9.990e-29
      1.273    12.3635 9.9000e+05     0.4500      24.50 4.7147e+01     0.9321     3.0534      1.262  -136.7932     96.687  1999.0000    9080.27  2999.0000 -9.990e-29
      1.266    12.3636 9.9000e+05     0.4460      24.51 4.6932e+01     0.9386     3.0532      1.255  -136.7156     96.632  1999.0000    9080.28  2999.0000 -9.990e-29
      1.246    12.3637 9.9000e+05     0.4396      24.53 4.6941e+01     0.9400     3.0530      1.235  -136.6367     96.576  1999.0000    9080.33  2999.0000 -9.990e-29
      1.215    12.3638 9.9000e+05     0.4316      24.56 4.7459e+01     0.9376     3.0526      1.204  -136.5505     96.515  1999.0000    9080.40  2999.0000 -9.990e-29
      1.177    12.3637 9.9000e+05     0.4238      24.59 4.8217e+01     0.9341     3.0520      1.167  -136.4678     96.457  1999.0000    9080.50  2999.0000 -9.990e-29
      1.135    12.3637 9.9000e+05     0.4190      24.62 4.9298e+01     0.9318     3.0511      1.125  -136.3900     96.402  1999.0000    9080.61  2999.0000 -9.990e-29
      1.095    12.3636 9.9000e+05     0.4139      24.65 5.0845e+01     0.9310     3.0499      1.085  -136.3237     96.355  1999.0000    9080.71  2999.0000 -9.990e-29
      1.061    12.3635 9.9000e+05     0.4034      24.67 5.1997e+01     0.9320     3.0488      1.052  -136.2970     96.336  1999.0000    9080.80  2999.0000 -9.990e-29
      1.036    12.3637 9.9000e+05     0.3904      24.68 5.1847e+01     0.9372     3.0480      1.027  -136.3197     96.352  1999.0000    9080.86  2999.0000 -9.990e-29
      1.024    12.3639 9.9000e+05     0.3799      24.69 5.0653e+01     0.9516     3.0476      1.015  -136.3877     96.400  1999.0000    9080.88  2999.0000 -9.990e-29
      1.031    12.3642 9.9000e+05     0.3734      24.69 4.9155e+01     0.9809     3.0475      1.022  -136.4765     96.463  1999.0000    9080.86  2999.0000 -9.990e-29
      1.056    12.3641 9.9000e+05     0.3702      24.68 4.7996e+01     1.0328     3.0477      1.047  -136.5681     96.528  1999.0000    9080.80  2999.0000 -9.990e-29
      1.092    12.3641 9.9000e+05     0.3669      24.67 4.7999e+01     1.0986     3.0482      1.082  -136.6497     96.585  1999.0000    9080.71  2999.0000 -9.990e-29
      1.127    12.3642 9.9000e+05     0.3623      24.66 4.9225e+01     1.1472     3.0488      1.117  -136.7062     96.625  1999.0000    9080.62  2999.0000 -9.990e-29
      1.152    12.3643 9.9000e+05     0.3574      24.65 5.0195e+01     1.1609     3.0493      1.142  -136.7260     96.639  1999.0000    9080.55  2999.0000 -9.990e-29
      1.163    12.3642 9.9000e+05     0.3555      24.63 4.9851e+01     1.1390     3.0498      1.153  -136.7201     96.635  1999.0000    9080.53  2999.0000 -9.990e-29
      1.160    12.3643 9.9000e+05     0.3570      24.62 4.9103e+01     1.0874     3.0501      1.150  -136.6857     96.611  1999.0000    9080.53  2999.0000 -9.990e-29
      1.144    12.3642 9.9000e+05     0.3583      24.60 4.9062e+01     1.0287     3.0502      1.134  -136.6434     96.581  1999.0000    9080.57  2999.0000 -9.990e-29
      1.119    12.3636 9.9000e+05     0.3594      24.59 4.9296e+01     0.9846     3.0500      1.109  -136.5998     96.550  1999.0000    9080.65  2999.0000 -9.990e-29
      1.093    12.3633 9.9000e+05     0.3634      24.58 4.9009e+01     0.9561     3.0497      1.083  -136.5733     96.531  1999.0000    9080.72  2999.0000 -9.990e-29
      1.078    12.3632 9.9000e+05     0.3739      24.56 4.8257e+01     0.9358     3.0493      1.069  -136.5647     96.525  1999.0000    9080.76  2999.0000 -9.990e-29
      1.087    12.3632 9.9000e+05     0.3907      24.55 4.7527e+01     0.9207     3.0492      1.078  -136.5925     96.545  1999.0000    9080.74  2999.0000 -9.990e-29
      1.126    12.3631 9.9000e+05     0.4110      24.54 4.7259e+01     0.9106     3.0493      1.116  -136.6415     96.579  1999.0000    9080.64  2999.0000 -9.990e-29
      1.187    12.3634 9.9000e+05     0.4349      24.52 4.7536e+01     0.9045     3.0497      1.177  -136.7033     96.623  1999.0000    9080.48  2999.0000 -9.990e-29
      1.254    12.3640 9.9000e+05     0.4584      24.51 4.8392e+01     0.9008     3.0501      1.243  -136.7577     96.662  1999.0000    9080.30  2999.0000 -9.990e-29
      1.309    12.3639 9.9000e+05     0.4727      24.49 4.9549e+01     0.8984     3.0506      1.298  -136.8073     96.697  1999.0000    9080.17  2999.0000 -9.990e-29
      1.342    12.3633 9.9000e+05     0.4741      24.48 4.9997e+01     0.8969     3.0510      1.330  -136.8443     96.723  1999.0000    9080.10  2999.0000 -9.990e-29
      1.347    12.3632 9.9000e+05     0.4645      24.47 4.9391e+01     0.8959     3.0513      1.335  -136.8729     96.743  1999.0000    9080.09  2999.0000 -9.990e-29
      1.324    12.3636 9.9000e+05     0.4487      24.47 4.8768e+01     0.8952     3.0517      1.312  -136.9096     96.769  1999.0000    9080.14  2999.0000 -9.990e-29
      1.278    12.3638 9.9000e+05     0.4329      24.47 4.9340e+01     0.8946     3.0523      1.267  -136.9479     96.796  1999.0000    9080.25  2999.0000 -9.990e-29
      1.217    12.3639 9.9000e+05     0.4205      24.48 5.1093e+01     0.8937     3.0529      1.206  -136.9734     96.814  1999.0000    9080.40  2999.0000 -9.990e-29
      1.152    12.3637 9.9000e+05     0.4136      24.50 5.2696e+01     0.8922     3.0536      1.142  -136.9869     96.824  1999.0000    9080.56  2999.0000 -9.990e-29
      1.095    12.3637 9.9000e+05     0.4134      24.51 5.3100e+01     0.8896     3.0543      1.085  -136.9811     96.819  1999.0000    9080.71  2999.0000 -9.990e-29
      1.057    12.3636 9.9000e+05     0.4183      24.52 5.2569e+01     0.8853     3.0546      1.048  -136.9417     96.792  1999.0000    9080.80  2999.0000 -9.990e-29
      1.045    12.3637 9.9000e+05     0.4262      24.53 5.2021e+01     0.8803     3.0546      1.036  -136.8898     96.755  1999.0000    9080.83  2999.0000 -9.990e-29
      1.060    12.3640 9.9000e+05     0.4368      24.53 5.2199e+01     0.8770     3.0544      1.051  -136.8376     96.718  1999.0000    9080.79  2999.0000 -9.990e-29
      1.095    12.3642 9.9000e+05     0.4500      24.53 5.2965e+01     0.8769     3.0541      1.085  -136.7972     96.689  1999.0000    9080.70  2999.0000 -9.990e-29
      1.137    12.3644 9.9000e+05     0.4624      24.52 5.3304e+01     0.8799     3.0538      1.127  -136.7780     96.676  1999.0000    9080.59  2999.0000 -9.990e-29
      1.178    12.3644 9.9000e+05     0.4656      24.51 5.2619e+01     0.8856     3.0537      1.168  -136.7827     96.679  1999.0000    9080.49  2999.0000 -9.990e-29
      1.211    12.3642 9.9000e+05     0.4580      24.50 5.1537e+01     0.8918     3.0537      1.200  -136.7958     96.688  1999.0000    9080.41  2999.0000 -9.990e-29
      1.233    12.3642 9.9000e+05     0.4512      24.48 5.1152e+01     0.8973     3.0537      1.222  -136.8011     96.692  1999.0000    9080.35  2999.0000 -9.990e-29
      1.240    12.3644 9.9000e+05     0.4504      24.47 5.1824e+01     0.9028     3.0537      1.229  -136.7938     96.687  1999.0000    9080.33  2999.0000 -9.990e-29
      1.231    12.3644 9.9000e+05     0.4514      24.46 5.2810e+01     0.9096     3.0537      1.220  -136.7718     96.672  1999.0000    9080.35  2999.0000 -9.990e-29
      1.209    12.3641 9.9000e+05     0.4579      24.46 5.3094e+01     0.9168     3.0536      1.198  -136.7349     96.645  1999.0000    9080.41  2999.0000 -9.990e-29
      1.178    12.3638 9.9000e+05     0.4691      24.46 5.2619e+01     0.9230     3.0533      1.168  -136.6840     96.609  1999.0000    9080.50  2999.0000 -9.990e-29
      1.144    12.3635 9.9000e+05     0.4705      24.48 5.2319e+01     0.9284     3.0529      1.134  -136.6308     96.572  1999.0000    9080.59  2999.0000 -9.990e-29
      1.112    12.3636 9.9000e+05     0.4600      24.50 5.2763e+01     0.9345     3.0524      1.102  -136.5785     96.535  1999.0000    9080.67  2999.0000 -9.990e-29
      1.089    12.3638 9.9000e+05     0.4489      24.52 5.3367e+01     0.9408     3.0518      1.080  -136.5352     96.504  1999.0000    9080.72  2999.0000 -9.990e-29
      1.078    12.3637 9.9000e+05     0.4388      24.54 5.3493e+01     0.9450     3.0512      1.069  -136.5053     96.483  1999.0000    9080.75  2999.0000 -9.990e-29
      1.081    12.3636 9.9000e+05     0.4288      24.56 5.3408e+01     0.9460     3.0507      1.072  -136.4941     96.475  1999.0000    9080.74  2999.0000 -9.990e-29
      1.096    12.3635 9.9000e+05     0.4211      24.57 5.3327e+01     0.9443     3.0502      1.086  -136.4893     96.472  1999.0000    9080.71  2999.0000 -9.990e-29
      1.119    12.3636 9.9000e+05     0.4153      24.57 5.3371e+01     0.9405     3.0499      1.109  -136.4998     96.479  1999.0000    9080.65  2999.0000 -9.990e-29
      1.144    12.3639 9.9000e+05     0.4137      24.57 5.3979e+01     0.9367     3.0496      1.134  -136.5090     96.486  1999.0000    9080.58  2999.0000 -9.990e-29
      1.166    12.3640 9.9000e+05     0.4187      24.57 5.4765e+01     0.9349     3.0495      1.156  -136.5296     96.500  1999.0000    9080.52  2999.0000 -9.990e-29
      1.182    12.3641 9.9000e+05     0.4284      24.55 5.4686e+01     0.9354     3.0493      1.172  -136.5465     96.512  1999.0000    9080.48  2999.0000 -9.990e-29
      1.190    12.3644 9.9000e+05     0.4417      24.54 5.3466e+01     0.9380     3.0492      1.180  -136.5637     96.524  1999.0000    9080.46  2999.0000 -9.990e-29
      1.192    12.3646 9.9000e+05     0.4639      24.53 5.2068e+01     0.9406     3.0491      1.182  -136.5783     96.535  1999.0000    9080.45  2999.0000 -9.990e-29
      1.191    12.3646 9.9000e+05     0.4967      24.52 5.1873e+01     0.9401     3.0492      1.181  -136.5936     96.546  1999.0000    9080.45  2999.0000 -9.990e-29
      1.187    12.3640 9.9000e+05     0.5266      24.51 5.3189e+01     0.9348     3.0494      1.177  -136.6093     96.557  1999.0000    9080.47  2999.0000 -9.990e-29
      1.179    12.3632 9.9000e+05     0.5341      24.50 5.4726e+01     0.9231     3.0495      1.169  -136.6089     96.556  1999.0000    9080.51  2999.0000 -9.990e-29
      1.170    12.3628 9.9000e+05     0.5178      24.50 5.5321e+01     0.9075     3.0496      1.160  -136.5985     96.549  1999.0000    9080.54  2999.0000 -9.990e-29
      1.161    12.3630 9.9000e+05     0.4905      24.50 5.4963e+01     0.8955     3.0495      1.151  -136.5662     96.526  1999.0000    9080.56  2999.0000 -9.990e-29
      1.159    12.3633 9.9000e+05     0.4604      24.51 5.3901e+01     0.8909     3.0494      1.149  -136.5284     96.500  1999.0000    9080.56  2999.0000 -9.990e-29
      1.166    12.3636 9.9000e+05     0.4339      24.51 5.2684e+01     0.8933     3.0492      1.156  -136.4842     96.468  1999.0000    9080.53  2999.0000 -9.990e-29
      1.181    12.3636 9.9000e+05     0.4170      24.51 5.2038e+01     0.9012     3.0489      1.171  -136.4378     96.435  1999.0000    9080.49  2999.0000 -9.990e-29
      1.203    12.3634 9.9000e+05     0.4100      24.51 5.1770e+01     0.9104     3.0485      1.193  -136.3880     96.400  1999.0000    9080.44  2999.0000 -9.990e-29
      1.229    12.3632 9.9000e+05     0.4108      24.51 5.1281e+01     0.9172     3.0480      1.218  -136.3361     96.364  1999.0000    9080.38  2999.0000 -9.990e-29
      1.255    12.3633 9.9000e+05     0.4183      24.51 5.0871e+01     0.9212     3.0474      1.244  -136.2850     96.327  1999.0000    9080.31  2999.0000 -9.990e-29
