sampledata/CTD/missing_whitespace.cnv
* Sea-Bird SBE 25plus Data File:
* FileName = H:\20170524_lw01.hex
* Software Version Seasave V 7.23.2
* Temperature SN = 4886
* Conductivity SN = 4292
* System UpLoad Time = May 24 2017 06:41:23
* NMEA Latitude = 51 34.21 N
* NMEA Longitude = 002 15.46 E
* NMEA UTC (Time) = May 24 2017  04:41:07
# nquan = 15                                
# nvalues = 2072                        
# units = specified
# name 0 = prdM: Pressure, Strain Gauge [db]
# name 1 = t090C: Temperature [ITS-90, deg C]
# name 2 = c0uS/cm: Conductivity [uS/cm]
# name 3 = obs3+: OBS, D & A 3plus [NTU]
# name 4 = altM: Altimeter [m]
# name 5 = par: PAR/Irradiance, Biospherical/Licor
# name 6 = flECO-AFL: Fluorescence, WET Labs ECO-AFL/FL [mg/m^3]
# name 7 = sbeox0V: Oxygen raw, SBE 43 [V]
# name 8 = depSM: Depth [salt water, m], lat = 51.5702
# name 9 = sbeox0Mg/L: Oxygen, SBE 43 [mg/l], WS = 2
# name 10 = sbeox0PS: Oxygen, SBE 43 [% saturation], WS = 2
# name 11 = sal00: Salinity, Practical [PSU]
# name 12 = svCM: Sound Velocity [Chen-Millero, m/s]
# name 13 = density00: Density [density, kg/m^3]
# name 14 = flag: flag
# span 0 =      0.082,     24.362       
# span 1 =    12.3601,    13.5804       
# span 2 = -1.493e+04, 1.0116e+06       
# span 3 =     0.0962,    10.3583       
# span 4 =       0.10,      24.91       
# span 5 = 4.4263e-01, 2.4429e+02       
# span 6 =    -0.0282,     7.2097       
# span 7 =     2.4705,     3.2775       
# span 8 =      0.081,     24.148       
# span 9 =  -150.0390,    10.7654       
# span 10 =     74.139,    106.049      
# span 11 =     0.0000,  1999.0000      
# span 12 =    1460.65,    9082.61      
# span 13 =   999.3073,  2999.0000      
# span 14 = 0.0000e+00, 0.0000e+00      
# interval = seconds: 0.25
# start_time = May 24 2017 04:41:22 [NMEA time, first data scan]
# bad_flag = -9.990e-29
*END*
      0.083    13.5596 143.226160     5.9965       0.11 2.9595e+01     7.2097     3.2279      0.082    10.7466    103.323     0.0882    1460.92   999.3752 -9.990e-29
      0.083    13.5588 143.149814     5.2031       0.10 4.1153e+01     4.6921     3.2280      0.082    10.7472    103.327     0.0882    1460.91   999.3752 -9.990e-29
      0.083    13.5577 143.068442     4.4127       0.10 5.0390e+01     2.6808     3.2280      0.082    10.7474    103.327     0.0881    1460.91   999.3753 -9.990e-29
      0.083    13.5568 143.018126     3.7876       0.10 5.5919e+01     1.4804     3.2281      0.082    10.7480    103.330     0.0881    1460.91   999.3754 -9.990e-29
      0.083    13.5560 142.984466     3.3382       0.10 5.9235e+01     0.7713     3.2282      0.082    10.7492    103.340     0.0881    1460.90   999.3755 -9.990e-29
      0.083    13.5552 142.980042     3.0307       0.10 6.1220e+01     0.3645     3.2282      0.082    10.7491    103.337     0.0881    1460.90   999.3756 -9.990e-29
      0.083    13.5545 143.005963     2.8268       0.10 6.2395e+01     0.1514     3.2281      0.082    10.7488    103.332     0.0881    1460.90   999.3757 -9.990e-29
      0.082    13.5539 143.049992     2.6950       0.10 6.3090e+01     0.0582     3.2281      0.081    10.7488    103.331     0.0881    1460.89   999.3758 -9.990e-29
      0.082    13.5533 143.085676     2.6110       0.10 6.3513e+01     0.0209     3.2281      0.081    10.7490    103.331     0.0881    1460.89   999.3759 -9.990e-29
      0.083    13.5528 143.094665     2.5572       0.10 6.3790e+01     0.0019     3.2281      0.082    10.7492    103.333     0.0882    1460.89   999.3760 -9.990e-29
      0.083    13.5524 143.107659     2.5224       0.10 6.3993e+01    -0.0093     3.2282      0.082    10.7497    103.337     0.0882    1460.89   999.3761 -9.990e-29
      0.083    13.5522 143.070115     2.4986       0.10 6.4163e+01    -0.0155     3.2282      0.082    10.7496    103.335     0.0881    1460.89   999.3761 -9.990e-29
      0.083    13.5523 143.139081     2.4809       0.10 6.4318e+01    -0.0184     3.2282      0.082    10.7494    103.333     0.0882    1460.89   999.3761 -9.990e-29
      0.083    13.5525 141.717826     2.4672       0.10 6.4466e+01    -0.0189     3.2282      0.082    10.7494    103.333     0.0873    1460.89   999.3754 -9.990e-29
      0.083    13.5524 154.169793     2.4573       0.10 6.4609e+01    -0.0172     3.2281      0.082    10.7485    103.329     0.0949    1460.90   999.3813 -9.990e-29
      0.082    13.5523  42.216046     2.4518       0.10 6.4749e+01    -0.0131     3.2281      0.081    10.7531    103.330     0.0284    1460.82   999.3295 -9.990e-29
      0.082    13.5524 1.0493e+03     2.4503       0.10 6.4885e+01    -0.0077     3.2281      0.081    10.7103    103.333     0.6764    1461.61   999.8333 -9.990e-29
      0.083    13.5522 -8.015e+03     2.4509       0.10 6.5003e+01    -0.0035     3.2282      0.082    10.7560    103.340     0.0000    1460.78   999.3073 -9.990e-29
      0.083    13.5520 7.3566e+04     2.4524       0.10 6.5081e+01    -0.0013     3.2282      0.082  -146.2063    103.340    67.2488    1540.71  1051.4687 -9.990e-29
      0.083    13.5518 4.3917e+05     2.4541       0.10 6.5114e+01    -0.0004     3.2282      0.082  -146.2039    103.338   952.2554    3620.42  2044.9231 -9.990e-29
      0.083    13.5515 8.7595e+05     2.4560       0.10 6.5115e+01    -0.0003     3.2283      0.082  -146.2063    103.340  1999.0000    9059.11  2999.0000 -9.990e-29
      0.083    13.5513 9.3014e+05     2.4581       0.10 6.5098e+01    -0.0011     3.2283      0.082  -146.2028    103.337  1999.0000    9059.11  2999.0000 -9.990e-29
      0.083    13.5509 5.4945e+05     2.4601       0.10 6.5070e+01    -0.0028     3.2282      0.082  -146.1962    103.333  1510.0922    6100.84  2999.0000 -9.990e-29
      0.083    13.5505 1.1436e+05     2.4619       0.10 6.5038e+01    -0.0061     3.2282      0.082  -146.1950    103.332   114.7862    1600.92  1089.6384 -9.990e-29
      0.083    13.5502 5.9858e+04     2.4635       0.10 6.5009e+01    -0.0112     3.2282      0.082     7.7380    103.331    52.9613    1523.39  1040.2484 -9.990e-29
      0.083    13.5498 4.4168e+05     2.4645       0.10 6.4978e+01    -0.0167     3.2282      0.082  -146.1956    103.332   963.1879    3660.04  2061.2266 -9.990e-29
      0.083    13.5495 8.6672e+05     2.4649       0.10 6.4934e+01    -0.0207     3.2282      0.082  -146.1979    103.334  1999.0000    9059.15  2999.0000 -9.990e-29
      0.083    13.5492 1.0116e+06     2.4656       0.10 6.4875e+01    -0.0232     3.2282      0.082  -146.2003    103.336  1999.0000    9059.15  2999.0000 -9.990e-29
      0.083    13.5489 9.1606e+05     2.4660       0.10 6.4820e+01    -0.0246     3.2282      0.082  -146.2020    103.337  1999.0000    9059.16  2999.0000 -9.990e-29
      0.083    13.5486 5.4209e+05     2.4665       0.10 6.4791e+01    -0.0252     3.2282      0.082  -146.2032    103.338  1467.6080    5878.67  2925.4554 -9.990e-29
      0.083    13.5483 1.9566e+05     2.4670       0.10 6.4794e+01    -0.0256     3.2282      0.082  -146.2038    103.338   237.7270    1779.32  1195.3159 -9.990e-29
      0.083    13.5481 4.2650e+05     2.4652       0.10 6.4828e+01    -0.0259     3.2283      0.082  -146.2091    103.342   898.9095    3432.27  1966.8409 -9.990e-29
      0.083    13.5479 8.6943e+05     2.4598       0.10 6.4883e+01    -0.0257     3.2283      0.082  -146.2085    103.342  1999.0000    9059.18  2999.0000 -9.990e-29
      0.083    13.5477 1.0026e+06     2.4541       0.10 6.4934e+01    -0.0250     3.2283      0.082  -146.2074    103.341  1999.0000    9059.18  2999.0000 -9.990e-29
      0.082    13.5475 9.9654e+05     2.4521       0.10 6.4956e+01    -0.0237     3.2283      0.081  -146.2056    103.339  1999.0000    9059.19  2999.0000 -9.990e-29
      0.082    13.5472 9.1785e+05     2.4541       0.10 6.4944e+01    -0.0218     3.2283      0.081  -146.2032    103.338  1999.0000    9059.20  2999.0000 -9.990e-29
      0.082    13.5470 5.4100e+05     2.4583       0.10 6.4910e+01    -0.0188     3.2283      0.081  -146.2032    103.338  1461.4754    5847.08  2913.6210 -9.990e-29
      0.082    13.5468 2.0382e+05     2.4619       0.10 6.4870e+01    -0.0143     3.2283      0.081  -146.2032    103.338   252.5741    1803.32  1208.8140 -9.990e-29
      0.082    13.5465 3.5318e+05     2.4644       0.10 6.4821e+01    -0.0095     3.2283      0.081  -146.2032    103.338   628.0671    2605.74  1607.4853 -9.990e-29
      0.082    13.5463 4.2937e+05     2.4678       0.10 6.4753e+01    -0.0067     3.2283      0.081  -146.2032    103.338   910.9247    3473.93  1984.2181 -9.990e-29
      0.082    13.5460 1.3576e+05     2.4750       0.10 6.4652e+01    -0.0066     3.2283      0.081  -146.2032    103.338   143.1655    1639.02  1113.1045 -9.990e-29
      0.082    13.5457 -1.493e+04     2.4895       0.10 6.4495e+01    -0.0094     3.2283      0.081    10.7573    103.338     0.0000    1460.76   999.3082 -9.990e-29
      0.082    13.5454 1.8170e+03     2.5141       0.10 6.4244e+01    -0.0137     3.2283      0.081    10.6776    103.338     1.2027    1462.22  1000.2424 -9.990e-29
      0.082    13.5452 -43.275545     2.5491       0.10 6.3855e+01    -0.0168     3.2283      0.081    10.7574    103.338     0.0000    1460.75   999.3083 -9.990e-29
      0.082    13.5450 163.433624     2.5953       0.10 6.3265e+01    -0.0174     3.2283      0.081    10.7510    103.339     0.1006    1460.88   999.3867 -9.990e-29
      0.082    13.5447 140.466847     2.6677       0.10 6.2370e+01    -0.0154     3.2283      0.081    10.7521    103.341     0.0866    1460.86   999.3759 -9.990e-29
      0.082    13.5444 143.006356     2.7831       0.10 6.1036e+01    -0.0115     3.2283      0.081    10.7520    103.340     0.0881    1460.86   999.3771 -9.990e-29
      0.082    13.5441 142.687064     2.9271       0.10 5.9198e+01    -0.0077     3.2283      0.081    10.7520    103.339     0.0879    1460.86   999.3770 -9.990e-29
      0.082    13.5438 142.675389     3.0589       0.10 5.6884e+01    -0.0062     3.2284      0.081    10.7523    103.342     0.0879    1460.86   999.3770 -9.990e-29
      0.082    13.5435 142.645623     3.1524       0.10 5.4128e+01    -0.0075     3.2284      0.081    10.7523    103.341     0.0879    1460.86   999.3771 -9.990e-29
      0.082    13.5432 142.655867     3.2202       0.10 5.1109e+01    -0.0117     3.2283      0.081    10.7521    103.338     0.0879    1460.86   999.3771 -9.990e-29
      0.083    13.5428 142.699902     3.2907       0.10 4.8197e+01    -0.0170     3.2283      0.082    10.7522    103.339     0.0879    1460.85   999.3772 -9.990e-29
      0.083    13.5424 142.754328     3.3812       0.10 4.5634e+01    -0.0211     3.2283      0.082    10.7521    103.337     0.0880    1460.85   999.3773 -9.990e-29
      0.083    13.5421 142.801456     3.4958       0.10 4.3499e+01    -0.0234     3.2283      0.082    10.7523    103.337     0.0880    1460.85   999.3773 -9.990e-29
      0.082    13.5417 142.832616     3.6240       0.10 4.1856e+01    -0.0247     3.2284      0.081    10.7528    103.342     0.0880    1460.85   999.3774 -9.990e-29
      0.082    13.5412 142.845255     3.7410       0.10 4.0748e+01    -0.0252     3.2284      0.081    10.7529    103.341     0.0880    1460.85   999.3775 -9.990e-29
      0.082    13.5408 142.819062     3.8198       0.10 4.0196e+01    -0.0255     3.2283      0.081    10.7525    103.336     0.0880    1460.85   999.3775 -9.990e-29
      0.082    13.5404 142.760951     3.8471       0.10 4.0177e+01    -0.0256     3.2283      0.081    10.7525    103.336     0.0880    1460.85   999.3775 -9.990e-29
      0.082    13.5398 142.714924     3.8307       0.10 4.0523e+01    -0.0257     3.2283      0.081    10.7525    103.335     0.0879    1460.84   999.3776 -9.990e-29
      0.082    13.5394 142.686825     3.7941       0.10 4.0869e+01    -0.0259     3.2283      0.081    10.7528    103.336     0.0879    1460.84   999.3776 -9.990e-29
      0.083    13.5390 142.642073     3.7667       0.10 4.0810e+01    -0.0260     3.2283      0.082    10.7532    103.339     0.0879    1460.84   999.3777 -9.990e-29
      0.083    13.5385 142.604733     3.7678       0.10 4.0283e+01    -0.0262     3.2283      0.082    10.7535    103.340     0.0879    1460.84   999.3777 -9.990e-29
      0.082    13.5381 142.633497     3.7942       0.10 3.9641e+01    -0.0265     3.2283      0.081    10.7536    103.341     0.0879    1460.84   999.3778 -9.990e-29
      0.082    13.5378 142.746158     3.8318       0.10 3.9228e+01    -0.0269     3.2283      0.081    10.7536    103.340     0.0880    1460.84   999.3779 -9.990e-29
      0.083    13.5374 142.902642     3.8736       0.10 3.9073e+01    -0.0270     3.2284      0.082    10.7539    103.343     0.0881    1460.83   999.3780 -9.990e-29
      0.083    13.5371 142.934239     3.9204       0.10 3.9010e+01    -0.0267     3.2284      0.082    10.7539    103.341     0.0881    1460.83   999.3781 -9.990e-29
      0.083    13.5368 142.849203     3.9728       0.10 3.8923e+01    -0.0264     3.2284      0.082    10.7538    103.340     0.0880    1460.83   999.3781 -9.990e-29
      0.083    13.5366 142.817302     4.0278       0.10 3.8794e+01    -0.0258     3.2283      0.082    10.7535    103.337     0.0880    1460.83   999.3781 -9.990e-29
      0.082    13.5363 142.821121     4.0799       0.10 3.8644e+01    -0.0248     3.2283      0.081    10.7536    103.337     0.0880    1460.83   999.3781 -9.990e-29
      0.082    13.5361 142.839121     4.1223       0.10 3.8508e+01    -0.0235     3.2283      0.081    10.7538    103.338     0.0880    1460.83   999.3781 -9.990e-29
      0.082    13.5358 142.863502     4.1509       0.10 3.8432e+01    -0.0214     3.2283      0.081    10.7540    103.340     0.0880    1460.83   999.3782 -9.990e-29
      0.082    13.5357 142.851077     4.1662       0.10 3.8448e+01    -0.0179     3.2284      0.081    10.7546    103.345     0.0880    1460.83   999.3782 -9.990e-29
      0.082    13.5356 142.815602     4.1694       0.10 3.8579e+01    -0.0130     3.2284      0.081    10.7546    103.345     0.0880    1460.83   999.3782 -9.990e-29
      0.082    13.5355 142.793999     4.1605       0.10 3.8840e+01    -0.0085     3.2284      0.081    10.7546    103.344     0.0880    1460.83   999.3782 -9.990e-29
      0.082    13.5354 142.792314     4.1420       0.10 3.9233e+01    -0.0063     3.2284      0.081    10.7544    103.343     0.0880    1460.83   999.3782 -9.990e-29
      0.082    13.5355 142.790616     4.1182       0.10 3.9795e+01    -0.0071     3.2284      0.081    10.7543    103.341     0.0880    1460.83   999.3782 -9.990e-29
      0.082    13.5354 142.769122     4.0916       0.10 4.0651e+01    -0.0108     3.2284      0.081    10.7543    103.341     0.0880    1460.83   999.3782 -9.990e-29
      0.082    13.5354 142.736845     4.0668       0.10 4.2017e+01    -0.0160     3.2284      0.081    10.7543    103.341     0.0880    1460.83   999.3782 -9.990e-29
      0.082    13.5352 142.707709     4.0594       0.10 4.4111e+01    -0.0200     3.2284      0.081    10.7543    103.341     0.0880    1460.83   999.3782 -9.990e-29
      0.082    13.5350 142.853986     4.0991       0.10 4.7060e+01    -0.0220     3.2284      0.081    10.7544    103.341     0.0880    1460.83   999.3783 -9.990e-29
      0.082    13.5348 141.467851     4.2212       0.10 5.0721e+01    -0.0229     3.2284      0.081    10.7545    103.341     0.0872    1460.82   999.3777 -9.990e-29
      0.082    13.5346 153.902764     4.4237       0.10 5.4570e+01    -0.0231     3.2284      0.081    10.7540    103.341     0.0948    1460.83   999.3836 -9.990e-29
      0.082    13.5343  42.169561     4.6314       0.10 5.8042e+01    -0.0225     3.2284      0.081    10.7585    103.341     0.0284    1460.75   999.3319 -9.990e-29
      0.082    13.5340 1.0480e+03     4.7481       0.10 6.0932e+01    -0.0210     3.2284      0.081    10.7155    103.341     0.6758    1461.54   999.8354 -9.990e-29
      0.083    13.5337 -8.005e+03     4.7447       0.10 6.3254e+01    -0.0179     3.2284      0.082    10.7605    103.341     0.0000    1460.71   999.3098 -9.990e-29
      0.083    13.5334 7.3464e+04     4.6574       0.10 6.4962e+01    -0.0132     3.2284      0.082  -146.2057    103.340    67.1733    1540.57  1051.4140 -9.990e-29
      0.083    13.5331 4.4008e+05     4.5347       0.10 6.6000e+01    -0.0085     3.2284      0.082  -146.2040    103.338   957.0011    3637.70  2052.0012 -9.990e-29
      0.082    13.5328 8.6782e+05     4.4089       0.10 6.6497e+01    -0.0058     3.2284      0.081  -146.2028    103.337  1999.0000    9059.49  2999.0000 -9.990e-29
      0.082    13.5327 1.0036e+06     4.2897       0.10 6.6734e+01    -0.0060     3.2284      0.081  -146.2045    103.339  1999.0000    9059.49  2999.0000 -9.990e-29
      0.082    13.5325 9.8849e+05     4.1718       0.10 6.6956e+01    -0.0091     3.2283      0.081  -146.2009    103.336  1999.0000    9059.49  2999.0000 -9.990e-29
      0.082    13.5323 9.9017e+05     4.0438       0.10 6.7265e+01    -0.0137     3.2283      0.081  -146.2027    103.337  1999.0000    9059.50  2999.0000 -9.990e-29
      0.082    13.5321 9.8999e+05     3.9015       0.10 6.7632e+01    -0.0171     3.2283      0.081  -146.2044    103.339  1999.0000    9059.50  2999.0000 -9.990e-29
      0.082    13.5320 9.9001e+05     3.7707       0.10 6.7913e+01    -0.0177     3.2284      0.081  -146.2116    103.344  1999.0000    9059.50  2999.0000 -9.990e-29
      0.083    13.5318 9.9000e+05     3.6987       0.10 6.7950e+01    -0.0157     3.2284      0.082  -146.2134    103.345  1999.0000    9059.50  2999.0000 -9.990e-29
      0.083    13.5316 9.9000e+05     3.7153       0.10 6.7675e+01    -0.0117     3.2284      0.082  -146.2122    103.344  1999.0000    9059.51  2999.0000 -9.990e-29
      0.083    13.5314 9.8999e+05     3.8143       0.10 6.7132e+01    -0.0081     3.2284      0.082  -146.2104    103.343  1999.0000    9059.51  2999.0000 -9.990e-29
