sampledata/CTD/missing_whitespace.cnv
* Sea-Bird SBE 25plus Data File:
* FileName = H:\20170524_lw01.hex
* Software Version Seasave V 7.23.2
* Temperature SN = 4886
* Conductivity SN = 4292
* System UpLoad Time = May 24 2017 06:41:23
* NMEA Latitude = 51 34.21 N
* NMEA Longitude = 002 15.46 E
* NMEA UTC (Time) = May 24 2017  04:41:07
# nquan = 15                                
# nvalues = 2072                        
# units = specified
# name 0 = prdM: Pressure, Strain Gauge [db]
# name 1 = t090C: Temperature [ITS-90, deg C]
# name 2 = c0uS/cm: Conductivity [uS/cm]
# name 3 = obs3+: OBS, D & A 3plus [NTU]
# name 4 = altM: Altimeter [m]
# name 5 = par: PAR/Irradiance, Biospherical/Licor
# name 6 = flECO-AFL: Fluorescence, WET Labs ECO-AFL/FL [mg/m^3]
# name 7 = sbeox0V: Oxygen raw, SBE 43 [V]
# name 8 = depSM: Depth [salt water, m], lat = 51.5702
# name 9 = sbeox0Mg/L: Oxygen, SBE 43 [mg/l], WS = 2
# name 10 = sbeox0PS: Oxygen, SBE 43 [% saturation], WS = 2
# name 11 = sal00: Salinity, Practical [PSU]
# name 12 = svCM: Sound Velocity [Chen-Millero, m/s]
# name 13 = density00: Density [density, kg/m^3]
# name 14 = flag: flag
# span 0 =      0.082,     24.362       
# span 1 =    12.3601,    13.5804       
# span 2 = -1.493e+04, 1.0116e+06       
# span 3 =     0.0962,    10.3583       
# span 4 =       0.10,      24.91       
# span 5 = 4.4263e-01, 2.4429e+02       
# span 6 =    -0.0282,     7.2097       
# span 7 =     2.4705,     3.2775       
# span 8 =      0.081,     24.148       
# span 9 =  -150.0390,    10.7654       
# span 10 =     74.139,    106.049      
# span 11 =     0.0000,  1999.0000      
# span 12 =    1460.65,    9082.61      
# span 13 =   999.3073,  2999.0000      
# span 14 = 0.0000e+00, 0.0000e+00      
# interval = seconds: 0.25
# start_time = May 24 2017 04:41:22 [NMEA time, first data scan]
# bad_flag = -9.990e-29
*END*
[from data line 675]
      1.094    12.3625 9.9000e+05     0.4754      24.40 4.8879e+01     0.8825     3.0245      1.084  -135.8805     96.042  1999.0000    9080.73  2999.0000 -9.990e-29
      1.115    12.3623 9.9000e+05     0.4649      24.38 4.8755e+01     0.8797     3.0262      1.105  -135.8949     96.052  1999.0000    9080.69  2999.0000 -9.990e-29
      1.143    12.3621 9.9000e+05     0.4580      24.36 4.8119e+01     0.8813     3.0275      1.133  -135.8730     96.036  1999.0000    9080.62  2999.0000 -9.990e-29
      1.175    12.3622 9.9000e+05     0.4545      24.33 4.7637e+01     0.8861     3.0285      1.165  -135.8288     96.005  1999.0000    9080.54  2999.0000 -9.990e-29
      1.207    12.3621 9.9000e+05     0.4505      24.31 4.7594e+01     0.8920     3.0293      1.196  -135.7726     95.965  1999.0000    9080.46  2999.0000 -9.990e-29
      1.236    12.3619 9.9000e+05     0.4423      24.30 4.7161e+01     0.8977     3.0299      1.225  -135.7081     95.920  1999.0000    9080.39  2999.0000 -9.990e-29
      1.258    12.3613 9.9000e+05     0.4304      24.29 4.6285e+01     0.9040     3.0302      1.247  -135.6312     95.865  1999.0000    9080.35  2999.0000 -9.990e-29
      1.269    12.3609 9.9000e+05     0.4189      24.29 4.6107e+01     0.9119     3.0303      1.258  -135.5445     95.804  1999.0000    9080.33  2999.0000 -9.990e-29
      1.264    12.3610 9.9000e+05     0.4125      24.30 4.7014e+01     0.9209     3.0301      1.253  -135.4446     95.733  1999.0000    9080.34  2999.0000 -9.990e-29
      1.243    12.3615 9.9000e+05     0.4143      24.32 4.8221e+01     0.9299     3.0296      1.232  -135.3376     95.658  1999.0000    9080.38  2999.0000 -9.990e-29
      1.206    12.3625 9.9000e+05     0.4265      24.35 4.8815e+01     0.9396     3.0289      1.195  -135.2365     95.586  1999.0000    9080.45  2999.0000 -9.990e-29
      1.160    12.3634 9.9000e+05     0.4482      24.38 4.8650e+01     0.9526     3.0280      1.150  -135.1487     95.524  1999.0000    9080.55  2999.0000 -9.990e-29
      1.113    12.3633 9.9000e+05     0.4702      24.42 4.8238e+01     0.9667     3.0270      1.103  -135.0818     95.477  1999.0000    9080.67  2999.0000 -9.990e-29
      1.075    12.3625 9.9000e+05     0.4827      24.45 4.7892e+01     0.9736     3.0260      1.066  -135.0355     95.444  1999.0000    9080.78  2999.0000 -9.990e-29
      1.050    12.3621 9.9000e+05     0.4859      24.48 4.7526e+01     0.9689     3.0251      1.041  -134.9955     95.416  1999.0000    9080.85  2999.0000 -9.990e-29
      1.039    12.3615 9.9000e+05     0.4838      24.49 4.7348e+01     0.9509     3.0245      1.030  -134.9518     95.385  1999.0000    9080.89  2999.0000 -9.990e-29
      1.044    12.3611 9.9000e+05     0.4807      24.48 4.7626e+01     0.9220     3.0240      1.035  -134.8815     95.335  1999.0000    9080.89  2999.0000 -9.990e-29
      1.064    12.3611 9.9000e+05     0.4796      24.47 4.7953e+01     0.8941     3.0235      1.055  -134.7764     95.261  1999.0000    9080.84  2999.0000 -9.990e-29
      1.095    12.3617 9.9000e+05     0.4807      24.44 4.7879e+01     0.8772     3.0225      1.085  -134.6217     95.152  1999.0000    9080.75  2999.0000 -9.990e-29
      1.133    12.3623 9.9000e+05     0.4829      24.41 4.7421e+01     0.8719     3.0208      1.123  -134.4333     95.019  1999.0000    9080.64  2999.0000 -9.990e-29
      1.171    12.3623 9.9000e+05     0.4814      24.38 4.6882e+01     0.8757     3.0186      1.161  -134.2516     94.890  1999.0000    9080.55  2999.0000 -9.990e-29
      1.202    12.3624 9.9000e+05     0.4689      24.35 4.6428e+01     0.8847     3.0161      1.192  -134.1141     94.793  1999.0000    9080.47  2999.0000 -9.990e-29
      1.222    12.3625 9.9000e+05     0.4470      24.33 4.5986e+01     0.8939     3.0137      1.211  -134.0591     94.754  1999.0000    9080.41  2999.0000 -9.990e-29
      1.229    12.3626 9.9000e+05     0.4270      24.31 4.5529e+01     0.9027     3.0119      1.218  -134.1077     94.789  1999.0000    9080.39  2999.0000 -9.990e-29
      1.225    12.3628 9.9000e+05     0.4124      24.30 4.5229e+01     0.9135     3.0107      1.214  -134.2389     94.881  1999.0000    9080.40  2999.0000 -9.990e-29
      1.212    12.3632 9.9000e+05     0.3991      24.30 4.5533e+01     0.9259     3.0103      1.201  -134.4384     95.022  1999.0000    9080.42  2999.0000 -9.990e-29
      1.196    12.3638 9.9000e+05     0.3892      24.31 4.6521e+01     0.9354     3.0106      1.186  -134.6691     95.185  1999.0000    9080.45  2999.0000 -9.990e-29
      1.178    12.3642 9.9000e+05     0.3867      24.32 4.7443e+01     0.9398     3.0115      1.168  -134.9041     95.351  1999.0000    9080.49  2999.0000 -9.990e-29
      1.163    12.3644 9.9000e+05     0.3910      24.34 4.7802e+01     0.9396     3.0129      1.153  -135.1241     95.507  1999.0000    9080.52  2999.0000 -9.990e-29
      1.152    12.3642 9.9000e+05     0.3994      24.37 4.7566e+01     0.9360     3.0147      1.142  -135.3178     95.644  1999.0000    9080.55  2999.0000 -9.990e-29
      1.145    12.3636 9.9000e+05     0.4082      24.39 4.6879e+01     0.9310     3.0166      1.135  -135.4658     95.748  1999.0000    9080.58  2999.0000 -9.990e-29
      1.141    12.3629 9.9000e+05     0.4163      24.41 4.6650e+01     0.9263     3.0186      1.131  -135.5794     95.829  1999.0000    9080.61  2999.0000 -9.990e-29
      1.139    12.3624 9.9000e+05     0.4304      24.42 4.7331e+01     0.9217     3.0204      1.129  -135.6499     95.879  1999.0000    9080.62  2999.0000 -9.990e-29
      1.137    12.3621 9.9000e+05     0.4546      24.43 4.8032e+01     0.9163     3.0221      1.127  -135.6994     95.914  1999.0000    9080.64  2999.0000 -9.990e-29
      1.132    12.3619 9.9000e+05     0.4812      24.43 4.8088e+01     0.9107     3.0234      1.122  -135.7305     95.936  1999.0000    9080.65  2999.0000 -9.990e-29
      1.126    12.3617 9.9000e+05     0.4967      24.43 4.7743e+01     0.9075     3.0247      1.116  -135.7778     95.969  1999.0000    9080.67  2999.0000 -9.990e-29
      1.119    12.3617 9.9000e+05     0.4961      24.43 4.7494e+01     0.9074     3.0258      1.109  -135.8398     96.013  1999.0000    9080.69  2999.0000 -9.990e-29
      1.113    12.3619 9.9000e+05     0.4821      24.43 4.7802e+01     0.9106     3.0270      1.103  -135.9297     96.076  1999.0000    9080.70  2999.0000 -9.990e-29
      1.107    12.3621 9.9000e+05     0.4592      24.42 4.8595e+01     0.9163     3.0284      1.097  -136.0484     96.160  1999.0000    9080.71  2999.0000 -9.990e-29
      1.106    12.3624 9.9000e+05     0.4371      24.41 4.9038e+01     0.9224     3.0301      1.096  -136.1795     96.253  1999.0000    9080.71  2999.0000 -9.990e-29
      1.113    12.3626 9.9000e+05     0.4234      24.40 4.8646e+01     0.9279     3.0320      1.103  -136.3079     96.344  1999.0000    9080.69  2999.0000 -9.990e-29
      1.130    12.3624 9.9000e+05     0.4175      24.38 4.7791e+01     0.9336     3.0340      1.120  -136.4062     96.413  1999.0000    9080.65  2999.0000 -9.990e-29
      1.153    12.3625 9.9000e+05     0.4155      24.36 4.7213e+01     0.9403     3.0360      1.143  -136.4667     96.456  1999.0000    9080.59  2999.0000 -9.990e-29
      1.176    12.3627 9.9000e+05     0.4147      24.34 4.7686e+01     0.9466     3.0377      1.166  -136.4786     96.464  1999.0000    9080.53  2999.0000 -9.990e-29
      1.194    12.3629 9.9000e+05     0.4115      24.33 4.8886e+01     0.9508     3.0391      1.184  -136.4606     96.452  1999.0000    9080.48  2999.0000 -9.990e-29
      1.204    12.3631 9.9000e+05     0.4037      24.32 4.9345e+01     0.9532     3.0399      1.194  -136.4084     96.415  1999.0000    9080.45  2999.0000 -9.990e-29
      1.206    12.3633 9.9000e+05     0.3956      24.31 4.8577e+01     0.9546     3.0404      1.195  -136.3512     96.374  1999.0000    9080.44  2999.0000 -9.990e-29
      1.203    12.3635 9.9000e+05     0.3902      24.30 4.7528e+01     0.9554     3.0407      1.193  -136.3000     96.338  1999.0000    9080.44  2999.0000 -9.990e-29
      1.200    12.3638 9.9000e+05     0.3872      24.28 4.6753e+01     0.9559     3.0411      1.190  -136.2635     96.312  1999.0000    9080.44  2999.0000 -9.990e-29
      1.200    12.3638 9.9000e+05     0.3883      24.28 4.6069e+01     0.9560     3.0414      1.190  -136.2291     96.288  1999.0000    9080.44  2999.0000 -9.990e-29
      1.201    12.3637 9.9000e+05     0.3931      24.29 4.5607e+01     0.9556     3.0417      1.191  -136.1979     96.266  1999.0000    9080.44  2999.0000 -9.990e-29
      1.203    12.3636 9.9000e+05     0.4006      24.33 4.5571e+01     0.9548     3.0418      1.193  -136.1622     96.241  1999.0000    9080.44  2999.0000 -9.990e-29
      1.205    12.3634 9.9000e+05     0.4158      24.37 4.5756e+01     0.9534     3.0415      1.194  -136.1143     96.207  1999.0000    9080.44  2999.0000 -9.990e-29
      1.204    12.3631 9.9000e+05     0.4440      24.40 4.5841e+01     0.9512     3.0410      1.194  -136.0725     96.177  1999.0000    9080.45  2999.0000 -9.990e-29
      1.199    12.3628 9.9000e+05     0.4846      24.43 4.5932e+01     0.9475     3.0406      1.189  -136.0516     96.162  1999.0000    9080.47  2999.0000 -9.990e-29
      1.186    12.3627 9.9000e+05     0.5282      24.45 4.6573e+01     0.9421     3.0404      1.176  -136.0531     96.164  1999.0000    9080.50  2999.0000 -9.990e-29
      1.166    12.3629 9.9000e+05     0.5611      24.46 4.7836e+01     0.9362     3.0404      1.156  -136.0658     96.173  1999.0000    9080.55  2999.0000 -9.990e-29
      1.141    12.3633 9.9000e+05     0.5768      24.47 4.8923e+01     0.9316     3.0405      1.131  -136.0701     96.176  1999.0000    9080.60  2999.0000 -9.990e-29
      1.114    12.3637 9.9000e+05     0.5771      24.48 4.9183e+01     0.9286     3.0406      1.104  -136.0538     96.164  1999.0000    9080.66  2999.0000 -9.990e-29
      1.090    12.3638 9.9000e+05     0.5641      24.49 4.8907e+01     0.9266     3.0405      1.080  -136.0132     96.135  1999.0000    9080.72  2999.0000 -9.990e-29
      1.074    12.3636 9.9000e+05     0.5406      24.49 4.8830e+01     0.9249     3.0401      1.065  -135.9503     96.091  1999.0000    9080.76  2999.0000 -9.990e-29
      1.068    12.3635 9.9000e+05     0.5132      24.49 4.9345e+01     0.9230     3.0395      1.059  -135.8818     96.043  1999.0000    9080.78  2999.0000 -9.990e-29
      1.073    12.3633 9.9000e+05     0.4910      24.50 4.9671e+01     0.9207     3.0388      1.064  -135.8269     96.004  1999.0000    9080.77  2999.0000 -9.990e-29
      1.087    12.3631 9.9000e+05     0.4791      24.51 4.8823e+01     0.9175     3.0382      1.078  -135.8005     95.985  1999.0000    9080.74  2999.0000 -9.990e-29
      1.109    12.3630 9.9000e+05     0.4741      24.53 4.7287e+01     0.9138     3.0376      1.099  -135.7924     95.979  1999.0000    9080.69  2999.0000 -9.990e-29
      1.137    12.3629 9.9000e+05     0.4724      24.55 4.6188e+01     0.9119     3.0371      1.127  -135.7959     95.982  1999.0000    9080.62  2999.0000 -9.990e-29
      1.167    12.3626 9.9000e+05     0.4715      24.57 4.6079e+01     0.9141     3.0369      1.157  -135.8093     95.991  1999.0000    9080.55  2999.0000 -9.990e-29
      1.191    12.3625 9.9000e+05     0.4716      24.57 4.6634e+01     0.9216     3.0368      1.181  -135.8150     95.995  1999.0000    9080.49  2999.0000 -9.990e-29
      1.203    12.3624 9.9000e+05     0.4781      24.58 4.7126e+01     0.9348     3.0367      1.193  -135.8142     95.995  1999.0000    9080.46  2999.0000 -9.990e-29
      1.201    12.3627 9.9000e+05     0.4929      24.57 4.7136e+01     0.9497     3.0365      1.191  -135.8096     95.991  1999.0000    9080.46  2999.0000 -9.990e-29
      1.187    12.3630 9.9000e+05     0.5155      24.57 4.6729e+01     0.9593     3.0361      1.177  -135.8022     95.986  1999.0000    9080.49  2999.0000 -9.990e-29
      1.166    12.3631 9.9000e+05     0.5405      24.57 4.6271e+01     0.9615     3.0356      1.156  -135.8062     95.989  1999.0000    9080.54  2999.0000 -9.990e-29
      1.143    12.3627 9.9000e+05     0.5493      24.58 4.6145e+01     0.9569     3.0353      1.133  -135.8383     96.012  1999.0000    9080.61  2999.0000 -9.990e-29
      1.124    12.3624 9.9000e+05     0.5363      24.59 4.6366e+01     0.9479     3.0354      1.114  -135.8969     96.053  1999.0000    9080.66  2999.0000 -9.990e-29
      1.114    12.3622 9.9000e+05     0.5186      24.60 4.6342e+01     0.9398     3.0358      1.104  -135.9655     96.102  1999.0000    9080.69  2999.0000 -9.990e-29
      1.115    12.3614 9.9000e+05     0.5097      24.59 4.5910e+01     0.9347     3.0364      1.105  -136.0277     96.146  1999.0000    9080.70  2999.0000 -9.990e-29
      1.128    12.3609 9.9000e+05     0.5100      24.58 4.5856e+01     0.9318     3.0371      1.118  -136.0643     96.171  1999.0000    9080.68  2999.0000 -9.990e-29
      1.147    12.3613 9.9000e+05     0.5100      24.57 4.6289e+01     0.9304     3.0375      1.137  -136.0555     96.165  1999.0000    9080.63  2999.0000 -9.990e-29
      1.166    12.3617 9.9000e+05     0.5002      24.56 4.6404e+01     0.9302     3.0377      1.156  -136.0217     96.141  1999.0000    9080.57  2999.0000 -9.990e-29
      1.182    12.3619 9.9000e+05     0.4821      24.55 4.6269e+01     0.9312     3.0378      1.172  -135.9869     96.117  1999.0000    9080.53  2999.0000 -9.990e-29
      1.189    12.3620 9.9000e+05     0.4610      24.54 4.6526e+01     0.9335     3.0376      1.179  -135.9532     96.093  1999.0000    9080.51  2999.0000 -9.990e-29
      1.189    12.3619 9.9000e+05     0.4431      24.53 4.6916e+01     0.9375     3.0373      1.179  -135.9440     96.086  1999.0000    9080.51  2999.0000 -9.990e-29
      1.183    12.3617 9.9000e+05     0.4338      24.51 4.6811e+01     0.9417     3.0371      1.173  -135.9611     96.099  1999.0000    9080.53  2999.0000 -9.990e-29
      1.176    12.3620 9.9000e+05     0.4317      24.50 4.6318e+01     0.9435     3.0372      1.166  -136.0081     96.132  1999.0000    9080.54  2999.0000 -9.990e-29
      1.172    12.3622 9.9000e+05     0.4313      24.48 4.5845e+01     0.9414     3.0375      1.162  -136.0666     96.173  1999.0000    9080.55  2999.0000 -9.990e-29
      1.177    12.3621 9.9000e+05     0.4281      24.47 4.5284e+01     0.9349     3.0381      1.167  -136.1213     96.212  1999.0000    9080.53  2999.0000 -9.990e-29
      1.192    12.3620 9.9000e+05     0.4212      24.45 4.4712e+01     0.9253     3.0387      1.182  -136.1450     96.229  1999.0000    9080.50  2999.0000 -9.990e-29
      1.213    12.3621 9.9000e+05     0.4137      24.44 4.4686e+01     0.9177     3.0393      1.202  -136.1340     96.221  1999.0000    9080.44  2999.0000 -9.990e-29
      1.230    12.3622 9.9000e+05     0.4084      24.43 4.5368e+01     0.9152     3.0396      1.219  -136.0844     96.186  1999.0000    9080.40  2999.0000 -9.990e-29
      1.237    12.3620 9.9000e+05     0.4060      24.42 4.6486e+01     0.9180     3.0395      1.226  -136.0044     96.129  1999.0000    9080.39  2999.0000 -9.990e-29
      1.232    12.3621 9.9000e+05     0.4057      24.42 4.7449e+01     0.9247     3.0391      1.221  -135.9192     96.069  1999.0000    9080.40  2999.0000 -9.990e-29
      1.214    12.3625 9.9000e+05     0.4071      24.43 4.7958e+01     0.9311     3.0384      1.203  -135.8402     96.013  1999.0000    9080.43  2999.0000 -9.990e-29
      1.183    12.3630 9.9000e+05     0.4070      24.44 4.8691e+01     0.9328     3.0377      1.173  -135.7884     95.976  1999.0000    9080.50  2999.0000 -9.990e-29
      1.145    12.3631 9.9000e+05     0.4040      24.46 4.9947e+01     0.9281     3.0371      1.135  -135.7649     95.960  1999.0000    9080.59  2999.0000 -9.990e-29
      1.105    12.3629 9.9000e+05     0.4007      24.47 5.0663e+01     0.9164     3.0367      1.095  -135.7633     95.959  1999.0000    9080.70  2999.0000 -9.990e-29
      1.069    12.3630 9.9000e+05     0.3992      24.49 5.0127e+01     0.9011     3.0365      1.060  -135.7756     95.967  1999.0000    9080.79  2999.0000 -9.990e-29
