sampledata/CTD/missing_whitespace.cnv
* Sea-Bird SBE 25plus Data File:
* FileName = H:\20170524_lw01.hex
* Software Version Seasave V 7.23.2
* Temperature SN = 4886
* Conductivity SN = 4292
* System UpLoad Time = May 24 2017 06:41:23
* NMEA Latitude = 51 34.21 N
* NMEA Longitude = 002 15.46 E
* NMEA UTC (Time) = May 24 2017  04:41:07
# nquan = 15                                
# nvalues = 2072                        
# units = specified
# name 0 = prdM: Pressure, Strain Gauge [db]
# name 1 = t090C: Temperature [ITS-90, deg C]
# name 2 = c0uS/cm: Conductivity [uS/cm]
# name 3 = obs3+: OBS, D & A 3plus [NTU]
# name 4 = altM: Altimeter [m]
# name 5 = par: PAR/Irradiance, Biospherical/Licor
# name 6 = flECO-AFL: Fluorescence, WET Labs ECO-AFL/FL [mg/m^3]
# name 7 = sbeox0V: Oxygen raw, SBE 43 [V]
# name 8 = depSM: Depth [salt water, m], lat = 51.5702
# name 9 = sbeox0Mg/L: Oxygen, SBE 43 [mg/l], WS = 2
# name 10 = sbeox0PS: Oxygen, SBE 43 [% saturation], WS = 2
# name 11 = sal00: Salinity, Practical [PSU]
# name 12 = svCM: Sound Velocity [Chen-Millero, m/s]
# name 13 = density00: Density [density, kg/m^3]
# name 14 = flag: flag
# span 0 =      0.082,     24.362       
# span 1 =    12.3601,    13.5804       
# span 2 = -1.493e+04, 1.0116e+06       
# span 3 =     0.0962,    10.3583       
# span 4 =       0.10,      24.91       
# span 5 = 4.4263e-01, 2.4429e+02       
# span 6 =    -0.0282,     7.2097       
# span 7 =     2.4705,     3.2775       
# span 8 =      0.081,     24.148       
# span 9 =  -150.0390,    10.7654       
# span 10 =     74.139,    106.049      
# span 11 =     0.0000,  1999.0000      
# span 12 =    1460.65,    9082.61      
# span 13 =   999.3073,  2999.0000      
# span 14 = 0.0000e+00, 0.0000e+00      
# interval = seconds: 0.25
# start_time = May 24 2017 04:41:22 [NMEA time, first data scan]
# bad_flag = -9.990e-29
*END*
[from data line 1254]
      1.286    12.3635 9.9000e+05     0.4278      24.51 5.2241e+01     0.9259     3.0462      1.275  -136.2192     96.281  1999.0000    9080.23  2999.0000 -9.990e-29
      1.282    12.3634 9.9000e+05     0.4181      24.52 5.3700e+01     0.9277     3.0456      1.271  -136.2087     96.274  1999.0000    9080.24  2999.0000 -9.990e-29
      1.262    12.3632 9.9000e+05     0.4065      24.54 5.4818e+01     0.9298     3.0450      1.251  -136.2054     96.271  1999.0000    9080.30  2999.0000 -9.990e-29
      1.225    12.3633 9.9000e+05     0.3992      24.56 5.4863e+01     0.9328     3.0446      1.214  -136.2145     96.278  1999.0000    9080.39  2999.0000 -9.990e-29
      1.173    12.3634 9.9000e+05     0.3971      24.58 5.4156e+01     0.9358     3.0444      1.163  -136.2359     96.293  1999.0000    9080.52  2999.0000 -9.990e-29
      1.112    12.3632 9.9000e+05     0.3992      24.61 5.3645e+01     0.9358     3.0444      1.102  -136.2635     96.312  1999.0000    9080.68  2999.0000 -9.990e-29
      1.051    12.3629 9.9000e+05     0.4031      24.63 5.3818e+01     0.9304     3.0443      1.042  -136.2851     96.328  1999.0000    9080.83  2999.0000 -9.990e-29
      1.004    12.3630 9.9000e+05     0.4070      24.65 5.4592e+01     0.9177     3.0442      0.995  -136.3063     96.343  1999.0000    9080.95  2999.0000 -9.990e-29
      0.979    12.3633 9.9000e+05     0.4128      24.66 5.5643e+01     0.8979     3.0441      0.970  -136.3323     96.361  1999.0000    9081.01  2999.0000 -9.990e-29
      0.984    12.3635 9.9000e+05     0.4197      24.65 5.6294e+01     0.8774     3.0441      0.975  -136.3785     96.394  1999.0000    9080.99  2999.0000 -9.990e-29
      1.015    12.3635 9.9000e+05     0.4203      24.64 5.6182e+01     0.8635     3.0443      1.006  -136.4514     96.445  1999.0000    9080.91  2999.0000 -9.990e-29
      1.065    12.3633 9.9000e+05     0.4101      24.62 5.5563e+01     0.8573     3.0447      1.056  -136.5411     96.508  1999.0000    9080.79  2999.0000 -9.990e-29
      1.124    12.3634 9.9000e+05     0.3945      24.61 5.4293e+01     0.8571     3.0453      1.114  -136.6397     96.578  1999.0000    9080.64  2999.0000 -9.990e-29
      1.183    12.3635 9.9000e+05     0.3814      24.60 5.2814e+01     0.8606     3.0463      1.173  -136.7405     96.649  1999.0000    9080.49  2999.0000 -9.990e-29
      1.235    12.3637 9.9000e+05     0.3746      24.57 5.2314e+01     0.8647     3.0474      1.224  -136.8155     96.702  1999.0000    9080.36  2999.0000 -9.990e-29
      1.275    12.3636 9.9000e+05     0.3730      24.53 5.2904e+01     0.8684     3.0485      1.264  -136.8534     96.729  1999.0000    9080.26  2999.0000 -9.990e-29
      1.297    12.3635 9.9000e+05     0.3745      24.50 5.3619e+01     0.8726     3.0496      1.286  -136.8574     96.732  1999.0000    9080.21  2999.0000 -9.990e-29
      1.298    12.3634 9.9000e+05     0.3805      24.49 5.3722e+01     0.8772     3.0503      1.287  -136.8190     96.705  1999.0000    9080.20  2999.0000 -9.990e-29
      1.279    12.3632 9.9000e+05     0.3898      24.50 5.3428e+01     0.8800     3.0506      1.268  -136.7582     96.662  1999.0000    9080.26  2999.0000 -9.990e-29
      1.243    12.3632 9.9000e+05     0.3979      24.51 5.3433e+01     0.8792     3.0505      1.232  -136.6874     96.612  1999.0000    9080.35  2999.0000 -9.990e-29
      1.194    12.3633 9.9000e+05     0.4061      24.53 5.4238e+01     0.8740     3.0502      1.184  -136.6293     96.571  1999.0000    9080.47  2999.0000 -9.990e-29
      1.139    12.3634 9.9000e+05     0.4174      24.56 5.5546e+01     0.8647     3.0500      1.129  -136.6058     96.554  1999.0000    9080.60  2999.0000 -9.990e-29
      1.089    12.3632 9.9000e+05     0.4329      24.59 5.6303e+01     0.8542     3.0499      1.080  -136.6077     96.556  1999.0000    9080.73  2999.0000 -9.990e-29
      1.054    12.3630 9.9000e+05     0.4525      24.62 5.5950e+01     0.8466     3.0499      1.045  -136.6239     96.567  1999.0000    9080.82  2999.0000 -9.990e-29
      1.042    12.3629 9.9000e+05     0.4665      24.64 5.4894e+01     0.8425     3.0501      1.033  -136.6419     96.580  1999.0000    9080.86  2999.0000 -9.990e-29
      1.058    12.3630 9.9000e+05     0.4632      24.65 5.3909e+01     0.8407     3.0503      1.049  -136.6386     96.577  1999.0000    9080.81  2999.0000 -9.990e-29
      1.100    12.3632 9.9000e+05     0.4460      24.66 5.3330e+01     0.8407     3.0504      1.090  -136.6135     96.560  1999.0000    9080.71  2999.0000 -9.990e-29
      1.160    12.3634 9.9000e+05     0.4293      24.65 5.2897e+01     0.8428     3.0504      1.150  -136.5747     96.532  1999.0000    9080.55  2999.0000 -9.990e-29
      1.223    12.3639 9.9000e+05     0.4220      24.64 5.2715e+01     0.8476     3.0501      1.212  -136.5216     96.495  1999.0000    9080.38  2999.0000 -9.990e-29
      1.278    12.3641 9.9000e+05     0.4241      24.62 5.3112e+01     0.8559     3.0495      1.267  -136.4748     96.462  1999.0000    9080.24  2999.0000 -9.990e-29
      1.313    12.3639 9.9000e+05     0.4328      24.61 5.3661e+01     0.8674     3.0489      1.302  -136.4600     96.451  1999.0000    9080.16  2999.0000 -9.990e-29
      1.323    12.3639 9.9000e+05     0.4400      24.61 5.3676e+01     0.8785     3.0484      1.311  -136.4819     96.467  1999.0000    9080.13  2999.0000 -9.990e-29
      1.305    12.3642 9.9000e+05     0.4369      24.61 5.3068e+01     0.8863     3.0481      1.294  -136.5384     96.507  1999.0000    9080.17  2999.0000 -9.990e-29
      1.264    12.3641 9.9000e+05     0.4261      24.62 5.2369e+01     0.8915     3.0483      1.253  -136.6363     96.576  1999.0000    9080.28  2999.0000 -9.990e-29
      1.207    12.3639 9.9000e+05     0.4146      24.63 5.1977e+01     0.8957     3.0489      1.196  -136.7529     96.658  1999.0000    9080.42  2999.0000 -9.990e-29
      1.147    12.3638 9.9000e+05     0.4057      24.65 5.1623e+01     0.8999     3.0497      1.137  -136.8652     96.738  1999.0000    9080.58  2999.0000 -9.990e-29
      1.099    12.3636 9.9000e+05     0.4007      24.67 5.1336e+01     0.9053     3.0505      1.089  -136.9565     96.802  1999.0000    9080.70  2999.0000 -9.990e-29
      1.076    12.3634 9.9000e+05     0.3976      24.69 5.1382e+01     0.9133     3.0515      1.067  -137.0329     96.856  1999.0000    9080.76  2999.0000 -9.990e-29
      1.080    12.3635 9.9000e+05     0.3948      24.70 5.1503e+01     0.9261     3.0525      1.071  -137.0848     96.893  1999.0000    9080.75  2999.0000 -9.990e-29
      1.105    12.3636 9.9000e+05     0.3947      24.71 5.1978e+01     0.9413     3.0534      1.095  -137.1099     96.911  1999.0000    9080.68  2999.0000 -9.990e-29
      1.140    12.3636 9.9000e+05     0.3972      24.72 5.3008e+01     0.9510     3.0543      1.130  -137.1121     96.912  1999.0000    9080.60  2999.0000 -9.990e-29
      1.175    12.3636 9.9000e+05     0.4019      24.71 5.3700e+01     0.9511     3.0551      1.165  -137.0871     96.894  1999.0000    9080.51  2999.0000 -9.990e-29
      1.203    12.3637 9.9000e+05     0.4117      24.69 5.3632e+01     0.9412     3.0556      1.193  -137.0353     96.858  1999.0000    9080.44  2999.0000 -9.990e-29
      1.222    12.3637 9.9000e+05     0.4306      24.66 5.3191e+01     0.9235     3.0558      1.211  -136.9685     96.811  1999.0000    9080.39  2999.0000 -9.990e-29
      1.229    12.3637 9.9000e+05     0.4523      24.63 5.2637e+01     0.9059     3.0556      1.218  -136.8894     96.755  1999.0000    9080.37  2999.0000 -9.990e-29
      1.227    12.3638 9.9000e+05     0.4650      24.59 5.2063e+01     0.8955     3.0552      1.216  -136.8261     96.710  1999.0000    9080.37  2999.0000 -9.990e-29
      1.224    12.3637 9.9000e+05     0.4672      24.55 5.1779e+01     0.8932     3.0547      1.213  -136.7861     96.682  1999.0000    9080.38  2999.0000 -9.990e-29
      1.227    12.3636 9.9000e+05     0.4596      24.52 5.1931e+01     0.8977     3.0543      1.216  -136.7753     96.674  1999.0000    9080.38  2999.0000 -9.990e-29
      1.243    12.3635 9.9000e+05     0.4464      24.48 5.2022e+01     0.9054     3.0540      1.232  -136.7819     96.679  1999.0000    9080.34  2999.0000 -9.990e-29
      1.274    12.3633 9.9000e+05     0.4340      24.45 5.1765e+01     0.9109     3.0541      1.263  -136.8090     96.698  1999.0000    9080.27  2999.0000 -9.990e-29
      1.317    12.3633 9.9000e+05     0.4220      24.41 5.1294e+01     0.9123     3.0542      1.306  -136.8263     96.710  1999.0000    9080.16  2999.0000 -9.990e-29
      1.371    12.3635 9.9000e+05     0.4100      24.38 5.0507e+01     0.9101     3.0543      1.359  -136.8276     96.711  1999.0000    9080.02  2999.0000 -9.990e-29
      1.431    12.3638 9.9000e+05     0.4013      24.34 4.9479e+01     0.9055     3.0542      1.419  -136.8046     96.695  1999.0000    9079.86  2999.0000 -9.990e-29
      1.494    12.3638 9.9000e+05     0.3970      24.30 4.8609e+01     0.9008     3.0540      1.481  -136.7632     96.665  1999.0000    9079.71  2999.0000 -9.990e-29
      1.554    12.3636 9.9000e+05     0.3929      24.26 4.8195e+01     0.8971     3.0537      1.540  -136.7169     96.633  1999.0000    9079.56  2999.0000 -9.990e-29
      1.608    12.3633 9.9000e+05     0.3861      24.22 4.8267e+01     0.8936     3.0533      1.594  -136.6671     96.598  1999.0000    9079.43  2999.0000 -9.990e-29
      1.652    12.3634 9.9000e+05     0.3781      24.17 4.8459e+01     0.8906     3.0529      1.638  -136.6258     96.568  1999.0000    9079.32  2999.0000 -9.990e-29
      1.687    12.3635 9.9000e+05     0.3726      24.13 4.8263e+01     0.8900     3.0524      1.672  -136.5902     96.543  1999.0000    9079.23  2999.0000 -9.990e-29
      1.716    12.3635 9.9000e+05     0.3706      24.08 4.7463e+01     0.8950     3.0519      1.701  -136.5738     96.532  1999.0000    9079.15  2999.0000 -9.990e-29
      1.743    12.3636 9.9000e+05     0.3702      24.02 4.6227e+01     0.9080     3.0513      1.728  -136.5713     96.530  1999.0000    9079.08  2999.0000 -9.990e-29
      1.774    12.3638 9.9000e+05     0.3693      23.97 4.5060e+01     0.9308     3.0508      1.759  -136.5943     96.546  1999.0000    9079.00  2999.0000 -9.990e-29
      1.814    12.3637 9.9000e+05     0.3682      23.91 4.4546e+01     0.9582     3.0505      1.798  -136.6443     96.581  1999.0000    9078.90  2999.0000 -9.990e-29
      1.865    12.3635 9.9000e+05     0.3718      23.85 4.4664e+01     0.9781     3.0506      1.849  -136.7247     96.638  1999.0000    9078.78  2999.0000 -9.990e-29
      1.928    12.3634 9.9000e+05     0.3822      23.78 4.4746e+01     0.9873     3.0509      1.911  -136.8117     96.700  1999.0000    9078.63  2999.0000 0.0000e+00
      2.002    12.3635 9.9000e+05     0.3937      23.72 4.4202e+01     0.9885     3.0515      1.985  -136.8956     96.759  1999.0000    9078.44  2999.0000 0.0000e+00
      2.085    12.3637 9.9000e+05     0.4022      23.65 4.3031e+01     0.9849     3.0522      2.067  -136.9577     96.803  1999.0000    9078.23  2999.0000 0.0000e+00
      2.174    12.3640 9.9000e+05     0.4045      23.58 4.1811e+01     0.9828     3.0530      2.155  -136.9948     96.829  1999.0000    9078.00  2999.0000 0.0000e+00
      2.265    12.3643 9.9000e+05     0.3984      23.51 4.1061e+01     0.9868     3.0536      2.245  -137.0011     96.834  1999.0000    9077.76  2999.0000 0.0000e+00
      2.354    12.3644 9.9000e+05     0.3875      23.44 4.0814e+01     0.9988     3.0540      2.333  -136.9836     96.821  1999.0000    9077.54  2999.0000 0.0000e+00
      2.442    12.3641 9.9000e+05     0.3773      23.36 4.0701e+01     1.0186     3.0542      2.421  -136.9510     96.798  1999.0000    9077.32  2999.0000 0.0000e+00
      2.527    12.3640 9.9000e+05     0.3715      23.29 4.0247e+01     1.0397     3.0542      2.505  -136.9132     96.772  1999.0000    9077.11  2999.0000 0.0000e+00
      2.609    12.3639 9.9000e+05     0.3718      23.21 3.9252e+01     1.0548     3.0542      2.586  -136.8885     96.754  1999.0000    9076.91  2999.0000 0.0000e+00
      2.687    12.3638 9.9000e+05     0.3744      23.12 3.7856e+01     1.0632     3.0542      2.664  -136.8755     96.745  1999.0000    9076.71  2999.0000 0.0000e+00
      2.764    12.3638 9.9000e+05     0.3758      23.04 3.6422e+01     1.0671     3.0541      2.740  -136.8640     96.737  1999.0000    9076.52  2999.0000 0.0000e+00
      2.839    12.3639 9.9000e+05     0.3800      22.95 3.5342e+01     1.0677     3.0541      2.814  -136.8640     96.737  1999.0000    9076.33  2999.0000 0.0000e+00
      2.917    12.3638 9.9000e+05     0.3912      22.86 3.4764e+01     1.0651     3.0541      2.892  -136.8629     96.736  1999.0000    9076.14  2999.0000 0.0000e+00
      2.999    12.3637 9.9000e+05     0.4007      22.77 3.4584e+01     1.0587     3.0541      2.973  -136.8612     96.735  1999.0000    9075.93  2999.0000 0.0000e+00
      3.086    12.3639 9.9000e+05     0.3972      22.67 3.4500e+01     1.0466     3.0540      3.059  -136.8492     96.726  1999.0000    9075.71  2999.0000 0.0000e+00
      3.177    12.3640 9.9000e+05     0.3853      22.58 3.4108e+01     1.0297     3.0540      3.149  -136.8289     96.712  1999.0000    9075.48  2999.0000 0.0000e+00
      3.272    12.3641 9.9000e+05     0.3739      22.48 3.3277e+01     1.0141     3.0539      3.243  -136.7959     96.689  1999.0000    9075.24  2999.0000 0.0000e+00
      3.370    12.3643 9.9000e+05     0.3663      22.38 3.2268e+01     1.0034     3.0538      3.341  -136.7592     96.663  1999.0000    9074.99  2999.0000 0.0000e+00
      3.471    12.3648 9.9000e+05     0.3646      22.28 3.1394e+01     0.9965     3.0535      3.441  -136.7217     96.636  1999.0000    9074.73  2999.0000 0.0000e+00
      3.576    12.3654 9.9000e+05     0.3696      22.17 3.0790e+01     0.9917     3.0529      3.545  -136.6838     96.609  1999.0000    9074.45  2999.0000 0.0000e+00
      3.682    12.3658 9.9000e+05     0.3808      22.07 3.0396e+01     0.9876     3.0523      3.650  -136.6709     96.600  1999.0000    9074.18  2999.0000 0.0000e+00
      3.790    12.3670 9.9000e+05     0.3958      21.96 2.9996e+01     0.9831     3.0517      3.757  -136.6823     96.608  1999.0000    9073.88  2999.0000 0.0000e+00
      3.899    12.3681 9.9000e+05     0.4142      21.85 2.9399e+01     0.9773     3.0515      3.865  -136.7327     96.644  1999.0000    9073.59  2999.0000 0.0000e+00
      4.010    12.3672 9.9000e+05     0.4336      21.73 2.8606e+01     0.9687     3.0516      3.975  -136.8067     96.696  1999.0000    9073.33  2999.0000 0.0000e+00
      4.122    12.3655 9.9000e+05     0.4478      21.62 2.7724e+01     0.9592     3.0520      4.086  -136.8850     96.752  1999.0000    9073.08  2999.0000 0.0000e+00
      4.235    12.3647 9.9000e+05     0.4547      21.50 2.6859e+01     0.9542     3.0526      4.198  -136.9516     96.799  1999.0000    9072.81  2999.0000 0.0000e+00
      4.349    12.3646 9.9000e+05     0.4553      21.39 2.6069e+01     0.9566     3.0531      4.311  -136.9835     96.821  1999.0000    9072.53  2999.0000 0.0000e+00
      4.462    12.3647 9.9000e+05     0.4522      21.28 2.5351e+01     0.9673     3.0536      4.423  -136.9899     96.826  1999.0000    9072.24  2999.0000 0.0000e+00
      4.577    12.3646 9.9000e+05     0.4493      21.18 2.4684e+01     0.9842     3.0539      4.537  -136.9668     96.809  1999.0000    9071.96  2999.0000 0.0000e+00
      4.692    12.3645 9.9000e+05     0.4544      21.07 2.4077e+01     0.9988     3.0540      4.651  -136.9262     96.781  1999.0000    9071.67  2999.0000 0.0000e+00
      4.810    12.3645 9.9000e+05     0.4730      20.96 2.3537e+01     1.0034     3.0540      4.768  -136.8839     96.751  1999.0000    9071.38  2999.0000 0.0000e+00
      4.928    12.3645 9.9000e+05     0.4970      20.86 2.3080e+01     0.9956     3.0538      4.885  -136.8322     96.714  1999.0000    9071.08  2999.0000 0.0000e+00
