tests/data/TSG/TSG_PIR_001.cnv
* Sea-Bird SBE 21 Data File:
* FileName = D:\COMISSÕES\2011\PIRATA BR XIII\RIO X FORTAL\PIR_001\PIR_001.hex
* Software Version Seasave Win32 V 5.39c
* Temperature SN = 3311
* Conductivity SN = 3311
* System UpLoad Time = Aug 12 2011 03:24:11
* NMEA Latitude = 23  5.090 S
* NMEA Longitude = 042 25.560 W
* NMEA UTC (Time) = Aug 12 2011  03:23:54
** H-40
** NOc ANTARES
** PIRATA BR XIII
** PIR 01
** DDHHMM/MMM/AA 120322/AGO/11
** 3311
** ANOTADOR 3ºSG HN HERCULIS
# nquan = 7
# nvalues = 2631                                  
# units = specified
# name 0 = timeJ: Julian Days
# name 1 = latitude: Latitude [deg]
# name 2 = longitude: Longitude [deg]
# name 3 = t090C: Temperature [ITS-90, deg C]
# name 4 = c0S/m: Conductivity [S/m]
# name 5 = prM: Pressure [db]
# name 6 = flag:  0.000e+00
# span 0 = 224.141597, 224.293796                 
# span 1 =  -23.09440,  -22.20708                 
# span 2 =  -42.42550,  -40.78400                 
# span 3 =    20.9686,    21.7092                 
# span 4 =   4.275461,   5.133459                 
# span 5 =      0.000,      0.000                 
# span 6 = 0.0000e+00, 0.0000e+00                 
# interval = seconds: 5
# start_time = Aug 12 2011 03:23:54
# bad_flag = -9.990e-29
*END*
[from data line 616]
 224.177245  -23.07832  -41.99582    21.1575   4.695025      0.000  0.000e+00
 224.177303  -23.07790  -41.99524    21.1508   4.982095      0.000  0.000e+00
 224.177361  -23.07750  -41.99466    21.1537   4.987777      0.000  0.000e+00
 224.177419  -23.07702  -41.99402    21.1545   5.003891      0.000  0.000e+00
 224.177477  -23.07660  -41.99346    21.1560   4.624426      0.000  0.000e+00
 224.177535  -23.07620  -41.99286    21.1478   4.970421      0.000  0.000e+00
 224.177593  -23.07582  -41.99232    21.1449   4.967941      0.000  0.000e+00
 224.177650  -23.07532  -41.99166    21.1478   4.969493      0.000  0.000e+00
 224.177708  -23.07482  -41.99100    21.1500   4.977860      0.000  0.000e+00
 224.177766  -23.07450  -41.99050    21.1575   4.945116      0.000  0.000e+00
 224.177824  -23.07400  -41.98982    21.1604   5.004616      0.000  0.000e+00
 224.177882  -23.07366  -41.98932    21.1641   4.842766      0.000  0.000e+00
 224.177940  -23.07316  -41.98866    21.1508   4.709578      0.000  0.000e+00
 224.177998  -23.07266  -41.98800    21.1123   4.947595      0.000  0.000e+00
 224.178056  -23.07232  -41.98750    21.1079   4.970938      0.000  0.000e+00
 224.178113  -23.07188  -41.98680    21.1153   4.943978      0.000  0.000e+00
 224.178171  -23.07150  -41.98632    21.1345   4.988913      0.000  0.000e+00
 224.178229  -23.07100  -41.98562    21.1382   4.961641      0.000  0.000e+00
 224.178287  -23.07050  -41.98500    21.1478   4.780193      0.000  0.000e+00
 224.178345  -23.07016  -41.98450    21.1508   4.820461      0.000  0.000e+00
 224.178403  -23.06976  -41.98380    21.1360   4.971559      0.000  0.000e+00
 224.178461  -23.06932  -41.98316    21.1397   4.946456      0.000  0.000e+00
 224.178519  -23.06888  -41.98260    21.1441   4.978894      0.000  0.000e+00
 224.178576  -23.06850  -41.98200    21.1456   4.841631      0.000  0.000e+00
 224.178634  -23.06802  -41.98140    21.1471   5.003378      0.000  0.000e+00
 224.178692  -23.06750  -41.98082    21.1493   4.800740      0.000  0.000e+00
 224.178750  -23.06716  -41.98016    21.1397   4.837807      0.000  0.000e+00
 224.178808  -23.06670  -41.97960    21.1323   4.977962      0.000  0.000e+00
 224.178866  -23.06632  -41.97900    21.1353   4.977239      0.000  0.000e+00
 224.178924  -23.06582  -41.97850    21.1404   4.965155      0.000  0.000e+00
 224.178981  -23.06550  -41.97782    21.1411   5.002965      0.000  0.000e+00
 224.179039  -23.06500  -41.97716    21.1648   4.939742      0.000  0.000e+00
 224.179097  -23.06466  -41.97666    21.1390   4.765428      0.000  0.000e+00
 224.179155  -23.06416  -41.97600    21.1397   4.968461      0.000  0.000e+00
 224.179213  -23.06366  -41.97532    21.1493   4.985297      0.000  0.000e+00
 224.179271  -23.06332  -41.97482    21.1560   4.992735      0.000  0.000e+00
 224.179329  -23.06286  -41.97412    21.1641   4.993046      0.000  0.000e+00
 224.179387  -23.06244  -41.97360    21.1663   4.954615      0.000  0.000e+00
 224.179444  -23.06200  -41.97300    21.1604   4.875708      0.000  0.000e+00
 224.179502  -23.06156  -41.97244    21.1426   4.971042      0.000  0.000e+00
 224.179560  -23.06116  -41.97200    21.1353   4.922702      0.000  0.000e+00
 224.179618  -23.06070  -41.97122    21.1256   4.964946      0.000  0.000e+00
 224.179676  -23.06032  -41.97066    21.1249   4.975173      0.000  0.000e+00
 224.179734  -23.05982  -41.97000    21.1330   4.936128      0.000  0.000e+00
 224.179792  -23.05932  -41.96950    21.1367   5.002549      0.000  0.000e+00
 224.179850  -23.05900  -41.96882    21.1367   4.931687      0.000  0.000e+00
 224.179907  -23.05850  -41.96816    21.1353   4.929827      0.000  0.000e+00
 224.179965  -23.05810  -41.96760    21.1411   4.956375      0.000  0.000e+00
 224.180023  -23.05766  -41.96700    21.1478   4.990565      0.000  0.000e+00
 224.180081  -23.05732  -41.96632    21.1493   4.629589      0.000  0.000e+00
 224.180139  -23.05682  -41.96566    21.1500   5.004721      0.000  0.000e+00
 224.180197  -23.05650  -41.96516    21.1508   4.620611      0.000  0.000e+00
 224.180255  -23.05600  -41.96450    21.1360   4.526915      0.000  0.000e+00
 224.180312  -23.05566  -41.96382    21.1323   4.950899      0.000  0.000e+00
 224.180370  -23.05516  -41.96316    21.1353   4.963604      0.000  0.000e+00
 224.180428  -23.05466  -41.96266    21.1441   4.980444      0.000  0.000e+00
 224.180486  -23.05432  -41.96200    21.1486   5.004409      0.000  0.000e+00
 224.180544  -23.05382  -41.96132    21.1500   4.965566      0.000  0.000e+00
 224.180602  -23.05350  -41.96066    21.1301   4.822731      0.000  0.000e+00
 224.180660  -23.05302  -41.96014    21.1101   4.959059      0.000  0.000e+00
 224.180718  -23.05258  -41.95950    21.1175   4.851750      0.000  0.000e+00
 224.180775  -23.05218  -41.95890    21.1116   4.881390      0.000  0.000e+00
 224.180833  -23.05170  -41.95826    21.1123   4.999143      0.000  0.000e+00
 224.180891  -23.05132  -41.95760    21.1138   4.866002      0.000  0.000e+00
 224.180949  -23.05100  -41.95700    21.1175   4.825110      0.000  0.000e+00
 224.181007  -23.05046  -41.95636    21.1116   4.875605      0.000  0.000e+00
 224.181065  -23.05000  -41.95582    21.1160   4.971765      0.000  0.000e+00
 224.181123  -23.04966  -41.95516    21.1226   4.962262      0.000  0.000e+00
 224.181181  -23.04916  -41.95450    21.1301   4.987260      0.000  0.000e+00
 224.181238  -23.04882  -41.95384    21.1315   5.003067      0.000  0.000e+00
 224.181296  -23.04832  -41.95316    21.1330   4.869820      0.000  0.000e+00
 224.181354  -23.04800  -41.95250    21.1219   4.924766      0.000  0.000e+00
 224.181412  -23.04766  -41.95200    21.1226   4.986538      0.000  0.000e+00
 224.181470  -23.04716  -41.95132    21.1234   4.987366      0.000  0.000e+00
 224.181528  -23.04682  -41.95066    21.1293   4.987672      0.000  0.000e+00
 224.181586  -23.04632  -41.95000    21.1323   5.003172      0.000  0.000e+00
 224.181644  -23.04600  -41.94932    21.1301   4.750048      0.000  0.000e+00
 224.181701  -23.04566  -41.94882    21.1160   4.886657      0.000  0.000e+00
 224.181759  -23.04516  -41.94816    21.1019   4.765740      0.000  0.000e+00
 224.181817  -23.04482  -41.94750    21.1005   4.980235      0.000  0.000e+00
 224.181875  -23.04432  -41.94682    21.0997   4.957097      0.000  0.000e+00
 224.181933  -23.04400  -41.94616    21.1034   4.919191      0.000  0.000e+00
 224.181991  -23.04354  -41.94562    21.1057   4.970732      0.000  0.000e+00
 224.182049  -23.04316  -41.94500    21.1019   4.969288      0.000  0.000e+00
 224.182106  -23.04270  -41.94434    21.1160   4.977239      0.000  0.000e+00
 224.182164  -23.04232  -41.94366    21.1234   4.971869      0.000  0.000e+00
 224.182222  -23.04186  -41.94308    21.1241   5.002448      0.000  0.000e+00
 224.182280  -23.04146  -41.94248    21.1256   4.753661      0.000  0.000e+00
 224.182338  -23.04104  -41.94184    21.1234   4.695646      0.000  0.000e+00
 224.182396  -23.04060  -41.94118    21.1168   4.971043      0.000  0.000e+00
 224.182454  -23.04018  -41.94054    21.1116   4.973729      0.000  0.000e+00
 224.182512  -23.03982  -41.93998    21.1079   4.938609      0.000  0.000e+00
 224.182569  -23.03932  -41.93932    21.1086   4.906071      0.000  0.000e+00
 224.182627  -23.03900  -41.93866    21.1094   5.001206      0.000  0.000e+00
 224.182685  -23.03850  -41.93800    21.1108   4.747467      0.000  0.000e+00
 224.182743  -23.03816  -41.93750    21.1019   4.942534      0.000  0.000e+00
 224.182801  -23.03766  -41.93682    21.0990   4.954826      0.000  0.000e+00
 224.182859  -23.03726  -41.93622    21.1042   4.975589      0.000  0.000e+00
 224.182917  -23.03684  -41.93558    21.1130   4.959268      0.000  0.000e+00
 224.182975  -23.03642  -41.93498    21.1183   5.000486      0.000  0.000e+00
 224.183032  -23.03600  -41.93432    21.1183   4.721968      0.000  0.000e+00
 224.183090  -23.03558  -41.93370    21.1079   4.840492      0.000  0.000e+00
 224.183148  -23.03516  -41.93316    21.1049   4.987366      0.000  0.000e+00
 224.183206  -23.03472  -41.93242    21.1079   4.959268      0.000  0.000e+00
 224.183264  -23.03432  -41.93182    21.1138   4.981579      0.000  0.000e+00
 224.183322  -23.03400  -41.93116    21.1168   4.948110      0.000  0.000e+00
 224.183380  -23.03350  -41.93050    21.1241   4.821598      0.000  0.000e+00
 224.183438  -23.03308  -41.92990    21.1286   4.974967      0.000  0.000e+00
 224.183495  -23.03266  -41.92932    21.1108   4.880254      0.000  0.000e+00
 224.183553  -23.03232  -41.92866    21.1094   4.841113      0.000  0.000e+00
 224.183611  -23.03182  -41.92816    21.1130   4.983541      0.000  0.000e+00
 224.183669  -23.03150  -41.92750    21.1175   4.985403      0.000  0.000e+00
 224.183727  -23.03098  -41.92676    21.1101   4.825312      0.000  0.000e+00
 224.183785  -23.03066  -41.92616    21.1005   4.949246      0.000  0.000e+00
 224.183843  -23.03014  -41.92550    21.0968   4.945737      0.000  0.000e+00
 224.183900  -23.02974  -41.92484    21.0990   4.993771      0.000  0.000e+00
 224.183958  -23.02930  -41.92420    21.0997   4.935610      0.000  0.000e+00
 224.184016  -23.02890  -41.92360    21.1086   4.964535      0.000  0.000e+00
 224.184074  -23.02850  -41.92300    21.1005   4.968873      0.000  0.000e+00
 224.184132  -23.02804  -41.92234    21.0975   4.856293      0.000  0.000e+00
 224.184190  -23.02766  -41.92166    21.0975   4.986538      0.000  0.000e+00
 224.184248  -23.02724  -41.92110    21.1019   4.978995      0.000  0.000e+00
 224.184306  -23.02680  -41.92040    21.1042   4.999863      0.000  0.000e+00
 224.184363  -23.02632  -41.91982    21.1094   4.925076      0.000  0.000e+00
 224.184421  -23.02592  -41.91914    21.0968   4.741063      0.000  0.000e+00
 224.184479  -23.02550  -41.91850    21.0805   4.956683      0.000  0.000e+00
 224.184537  -23.02510  -41.91790    21.0864   4.939329      0.000  0.000e+00
 224.184595  -23.02466  -41.91732    21.0908   4.899773      0.000  0.000e+00
 224.184653  -23.02432  -41.91666    21.0975   4.995007      0.000  0.000e+00
 224.184711  -23.02382  -41.91600    21.0990   4.993148      0.000  0.000e+00
 224.184769  -23.02350  -41.91550    21.0975   4.824179      0.000  0.000e+00
 224.184826  -23.02300  -41.91482    21.0672   4.745711      0.000  0.000e+00
 224.184884  -23.02266  -41.91416    21.0650   4.974658      0.000  0.000e+00
 224.184942  -23.02216  -41.91350    21.0694   4.964536      0.000  0.000e+00
 224.185000  -23.02182  -41.91282    21.0753   4.799916      0.000  0.000e+00
 224.185058  -23.02132  -41.91216    21.0768   4.996043      0.000  0.000e+00
 224.185116  -23.02100  -41.91150    21.0790   4.995525      0.000  0.000e+00
 224.185174  -23.02050  -41.91100    21.0857   4.954516      0.000  0.000e+00
 224.185231  -23.02000  -41.91032    21.0783   4.640943      0.000  0.000e+00
 224.185289  -23.01966  -41.90966    21.0753   4.971354      0.000  0.000e+00
 224.185347  -23.01932  -41.90900    21.0746   4.979412      0.000  0.000e+00
 224.185405  -23.01882  -41.90832    21.0790   4.904833      0.000  0.000e+00
 224.185463  -23.01850  -41.90782    21.0827   4.945427      0.000  0.000e+00
 224.185521  -23.01800  -41.90716    21.0819   4.824903      0.000  0.000e+00
 224.185579  -23.01766  -41.90650    21.0523   4.796715      0.000  0.000e+00
 224.185637  -23.01718  -41.90580    21.0472   4.964121      0.000  0.000e+00
 224.185694  -23.01682  -41.90516    21.0531   4.950901      0.000  0.000e+00
 224.185752  -23.01632  -41.90450    21.0597   4.990983      0.000  0.000e+00
 224.185810  -23.01590  -41.90384    21.0612   4.834815      0.000  0.000e+00
 224.185868  -23.01550  -41.90316    21.0701   4.787526      0.000  0.000e+00
 224.185926  -23.01500  -41.90250    21.0753   4.952966      0.000  0.000e+00
 224.185984  -23.01466  -41.90200    21.0612   4.976312      0.000  0.000e+00
 224.186042  -23.01416  -41.90132    21.0546   4.907211      0.000  0.000e+00
 224.186100  -23.01382  -41.90066    21.0583   4.829550      0.000  0.000e+00
 224.186157  -23.01332  -41.90000    21.0561   4.972181      0.000  0.000e+00
 224.186215  -23.01300  -41.89932    21.0561   4.986850      0.000  0.000e+00
 224.186273  -23.01250  -41.89866    21.0501   4.882938      0.000  0.000e+00
 224.186331  -23.01216  -41.89800    21.0427   4.951211      0.000  0.000e+00
 224.186389  -23.01164  -41.89736    21.0382   4.923836      0.000  0.000e+00
 224.186447  -23.01120  -41.89670    21.0353   4.969390      0.000  0.000e+00
 224.186505  -23.01078  -41.89606    21.0382   4.970322      0.000  0.000e+00
 224.186562  -23.01038  -41.89542    21.0427   4.985299      0.000  0.000e+00
 224.186620  -23.00992  -41.89474    21.0420   4.958234      0.000  0.000e+00
 224.186678  -23.00950  -41.89410    21.0271   4.948317      0.000  0.000e+00
 224.186736  -23.00900  -41.89350    21.0249   4.960095      0.000  0.000e+00
 224.186794  -23.00862  -41.89276    21.0346   4.971044      0.000  0.000e+00
 224.186852  -23.00816  -41.89216    21.0457   4.866830      0.000  0.000e+00
 224.186910  -23.00782  -41.89148    21.0553   4.965983      0.000  0.000e+00
 224.186968  -23.00740  -41.89090    21.0479   4.937058      0.000  0.000e+00
 224.187025  -23.00694  -41.89022    21.0427   4.991189      0.000  0.000e+00
 224.187083  -23.00652  -41.88964    21.0390   4.866622      0.000  0.000e+00
 224.187141  -23.00616  -41.88900    21.0294   4.977140      0.000  0.000e+00
 224.187199  -23.00566  -41.88832    21.0301   4.806317      0.000  0.000e+00
 224.187257  -23.00532  -41.88766    21.0382   4.917538      0.000  0.000e+00
 224.187315  -23.00482  -41.88716    21.0420   4.874675      0.000  0.000e+00
 224.187373  -23.00450  -41.88650    21.0457   4.991290      0.000  0.000e+00
 224.187431  -23.00400  -41.88582    21.0494   4.852784      0.000  0.000e+00
 224.187488  -23.00350  -41.88516    21.0405   4.874264      0.000  0.000e+00
 224.187546  -23.00316  -41.88448    21.0442   4.956788      0.000  0.000e+00
 224.187604  -23.00266  -41.88400    21.0583   4.935924      0.000  0.000e+00
 224.187662  -23.00230  -41.88326    21.0627   4.983542      0.000  0.000e+00
 224.187720  -23.00186  -41.88262    21.0620   4.745092      0.000  0.000e+00
 224.187778  -23.00146  -41.88200    21.0450   4.746848      0.000  0.000e+00
 224.187836  -23.00100  -41.88132    21.0360   4.970528      0.000  0.000e+00
 224.187894  -23.00058  -41.88070    21.0397   4.964226      0.000  0.000e+00
 224.187951  -23.00016  -41.88016    21.0546   4.980962      0.000  0.000e+00
 224.188009  -22.99970  -41.87938    21.0568   4.857638      0.000  0.000e+00
 224.188067  -22.99932  -41.87882    21.0590   4.815403      0.000  0.000e+00
 224.188125  -22.99882  -41.87816    21.0397   4.902253      0.000  0.000e+00
 224.188183  -22.99850  -41.87748    21.0316   4.965983      0.000  0.000e+00
 224.188241  -22.99802  -41.87684    21.0309   4.969495      0.000  0.000e+00
 224.188299  -22.99766  -41.87616    21.0324   4.738899      0.000  0.000e+00
 224.188356  -22.99716  -41.87566    21.0338   4.990983      0.000  0.000e+00
 224.188414  -22.99682  -41.87500    21.0360   4.865281      0.000  0.000e+00
 224.188472  -22.99632  -41.87432    21.0190   4.817264      0.000  0.000e+00
 224.188530  -22.99594  -41.87360    21.0109   4.763160      0.000  0.000e+00
 224.188588  -22.99550  -41.87300    21.0175   4.966189      0.000  0.000e+00
 224.188646  -22.99516  -41.87232    21.0175   4.970734      0.000  0.000e+00
 224.188704  -22.99460  -41.87170    21.0183   4.883351      0.000  0.000e+00
 224.188762  -22.99420  -41.87108    21.0242   4.955447      0.000  0.000e+00
 224.188819  -22.99382  -41.87048    21.0227   4.967842      0.000  0.000e+00
 224.188877  -22.99332  -41.86982    21.0175   4.798159      0.000  0.000e+00
 224.188935  -22.99300  -41.86916    21.0131   4.964948      0.000  0.000e+00
 224.188993  -22.99250  -41.86850    21.0190   4.869925      0.000  0.000e+00
