tests/data/TSG/TSG_PIR_001.cnv
* Sea-Bird SBE 21 Data File:
* FileName = D:\COMISSÕES\2011\PIRATA BR XIII\RIO X FORTAL\PIR_001\PIR_001.hex
* Software Version Seasave Win32 V 5.39c
* Temperature SN = 3311
* Conductivity SN = 3311
* System UpLoad Time = Aug 12 2011 03:24:11
* NMEA Latitude = 23  5.090 S
* NMEA Longitude = 042 25.560 W
* NMEA UTC (Time) = Aug 12 2011  03:23:54
** H-40
** NOc ANTARES
** PIRATA BR XIII
** PIR 01
** DDHHMM/MMM/AA 120322/AGO/11
** 3311
** ANOTADOR 3ºSG HN HERCULIS
# nquan = 7
# nvalues = 2631                                  
# units = specified
# name 0 = timeJ: Julian Days
# name 1 = latitude: Latitude [deg]
# name 2 = longitude: Longitude [deg]
# name 3 = t090C: Temperature [ITS-90, deg C]
# name 4 = c0S/m: Conductivity [S/m]
# name 5 = prM: Pressure [db]
# name 6 = flag:  0.000e+00
# span 0 = 224.141597, 224.293796                 
# span 1 =  -23.09440,  -22.20708                 
# span 2 =  -42.42550,  -40.78400                 
# span 3 =    20.9686,    21.7092                 
# span 4 =   4.275461,   5.133459                 
# span 5 =      0.000,      0.000                 
# span 6 = 0.0000e+00, 0.0000e+00                 
# interval = seconds: 5
# start_time = Aug 12 2011 03:23:54
# bad_flag = -9.990e-29
*END*
[from data line 821]
 224.189109  -22.99162  -41.86720    21.0249   4.976724      0.000  0.000e+00
 224.189167  -22.99116  -41.86650    21.0235   4.866311      0.000  0.000e+00
 224.189225  -22.99082  -41.86600    21.0101   4.940468      0.000  0.000e+00
 224.189282  -22.99030  -41.86524    21.0145   4.821187      0.000  0.000e+00
 224.189340  -22.99000  -41.86466    21.0198   4.962779      0.000  0.000e+00
 224.189398  -22.98950  -41.86398    21.0301   4.973730      0.000  0.000e+00
 224.189456  -22.98900  -41.86332    21.0368   4.988813      0.000  0.000e+00
 224.189514  -22.98866  -41.86266    21.0375   4.979824      0.000  0.000e+00
 224.189572  -22.98816  -41.86200    21.0390   4.865281      0.000  0.000e+00
 224.189630  -22.98766  -41.86132    21.0286   4.846382      0.000  0.000e+00
 224.189687  -22.98732  -41.86066    21.0213   4.967943      0.000  0.000e+00
 224.189745  -22.98682  -41.86000    21.0123   4.972182      0.000  0.000e+00
 224.189803  -22.98636  -41.85932    21.0116   4.948527      0.000  0.000e+00
 224.189861  -22.98594  -41.85870    21.0131   4.988608      0.000  0.000e+00
 224.189919  -22.98546  -41.85800    21.0160   4.793512      0.000  0.000e+00
 224.189977  -22.98500  -41.85748    21.0042   4.769044      0.000  0.000e+00
 224.190035  -22.98450  -41.85682    20.9931   4.850926      0.000  0.000e+00
 224.190093  -22.98410  -41.85608    21.0012   4.972492      0.000  0.000e+00
 224.190150  -22.98366  -41.85550    21.0064   4.806111      0.000  0.000e+00
 224.190208  -22.98322  -41.85478    21.0101   4.810344      0.000  0.000e+00
 224.190266  -22.98282  -41.85416    21.0123   4.988090      0.000  0.000e+00
 224.190324  -22.98230  -41.85348    21.0101   4.894195      0.000  0.000e+00
 224.190382  -22.98182  -41.85282    20.9901   4.921051      0.000  0.000e+00
 224.190440  -22.98146  -41.85220    20.9894   4.930657      0.000  0.000e+00
 224.190498  -22.98100  -41.85154    21.0027   4.914955      0.000  0.000e+00
 224.190556  -22.98066  -41.85100    21.0138   4.966189      0.000  0.000e+00
 224.190613  -22.98010  -41.85022    21.0160   4.988814      0.000  0.000e+00
 224.190671  -22.97966  -41.84966    21.0205   4.933859      0.000  0.000e+00
 224.190729  -22.97916  -41.84900    21.0168   4.447071      0.000  0.000e+00
 224.190787  -22.97878  -41.84832    20.9901   4.967222      0.000  0.000e+00
 224.190845  -22.97832  -41.84766    20.9923   4.969907      0.000  0.000e+00
 224.190903  -22.97782  -41.84700    20.9997   4.482039      0.000  0.000e+00
 224.190961  -22.97750  -41.84632    21.0042   4.959576      0.000  0.000e+00
 224.191019  -22.97700  -41.84566    21.0049   4.977140      0.000  0.000e+00
 224.191076  -22.97666  -41.84500    21.0057   4.863109      0.000  0.000e+00
 224.191134  -22.97616  -41.84450    21.0064   4.855468      0.000  0.000e+00
 224.191192  -22.97566  -41.84376    21.0005   4.859805      0.000  0.000e+00
 224.191250  -22.97532  -41.84316    21.0034   4.959786      0.000  0.000e+00
 224.191308  -22.97476  -41.84246    21.0094   4.956378      0.000  0.000e+00
 224.191366  -22.97430  -41.84180    21.0160   4.955137      0.000  0.000e+00
 224.191424  -22.97386  -41.84114    21.0168   4.989331      0.000  0.000e+00
 224.191481  -22.97350  -41.84050    21.0175   4.439851      0.000  0.000e+00
 224.191539  -22.97300  -41.83982    20.9931   4.923632      0.000  0.000e+00
 224.191597  -22.97250  -41.83916    20.9879   4.951932      0.000  0.000e+00
 224.191655  -22.97216  -41.83850    20.9997   4.928901      0.000  0.000e+00
 224.191713  -22.97166  -41.83782    21.0116   4.970113      0.000  0.000e+00
 224.191771  -22.97116  -41.83716    21.0175   4.837089      0.000  0.000e+00
 224.191829  -22.97082  -41.83648    21.0168   4.988708      0.000  0.000e+00
 224.191887  -22.97032  -41.83582    21.0153   4.540330      0.000  0.000e+00
 224.191944  -22.96982  -41.83516    20.9997   4.596362      0.000  0.000e+00
 224.192002  -22.96940  -41.83450    20.9857   4.959270      0.000  0.000e+00
 224.192060  -22.96900  -41.83382    20.9842   4.788970      0.000  0.000e+00
 224.192118  -22.96850  -41.83316    20.9886   4.969185      0.000  0.000e+00
 224.192176  -22.96800  -41.83250    20.9923   4.978997      0.000  0.000e+00
 224.192234  -22.96766  -41.83182    20.9931   4.988091      0.000  0.000e+00
 224.192292  -22.96716  -41.83116    20.9923   4.614419      0.000  0.000e+00
 224.192350  -22.96666  -41.83050    20.9805   4.818604      0.000  0.000e+00
 224.192407  -22.96616  -41.82982    20.9775   4.918157      0.000  0.000e+00
 224.192465  -22.96582  -41.82916    20.9797   4.920947      0.000  0.000e+00
 224.192523  -22.96532  -41.82850    20.9938   4.974348      0.000  0.000e+00
 224.192581  -22.96488  -41.82784    21.0042   4.920637      0.000  0.000e+00
 224.192639  -22.96450  -41.82716    21.0057   4.988709      0.000  0.000e+00
 224.192697  -22.96400  -41.82650    21.0094   4.974247      0.000  0.000e+00
 224.192755  -22.96354  -41.82586    20.9953   4.832336      0.000  0.000e+00
 224.192813  -22.96310  -41.82520    20.9686   4.895745      0.000  0.000e+00
 224.192870  -22.96266  -41.82450    20.9686   4.959887      0.000  0.000e+00
 224.192928  -22.96216  -41.82400    20.9768   4.976314      0.000  0.000e+00
 224.192986  -22.96182  -41.82332    20.9983   4.807763      0.000  0.000e+00
 224.193044  -22.96132  -41.82266    21.0064   4.987468      0.000  0.000e+00
 224.193102  -22.96082  -41.82198    21.0123   4.870856      0.000  0.000e+00
 224.193160  -22.96050  -41.82116    21.0116   4.966294      0.000  0.000e+00
 224.193218  -22.96000  -41.82066    20.9997   4.964537      0.000  0.000e+00
 224.193275  -22.95956  -41.81996    21.0027   4.924150      0.000  0.000e+00
 224.193333  -22.95908  -41.81928    21.0079   4.953172      0.000  0.000e+00
 224.193391  -22.95862  -41.81864    21.0153   4.895540      0.000  0.000e+00
 224.193449  -22.95816  -41.81800    21.0213   4.993667      0.000  0.000e+00
 224.193507  -22.95780  -41.81738    21.0279   4.824491      0.000  0.000e+00
 224.193565  -22.95732  -41.81682    21.0316   4.914337      0.000  0.000e+00
 224.193623  -22.95700  -41.81616    21.0331   4.980446      0.000  0.000e+00
 224.193681  -22.95650  -41.81548    21.0390   4.959475      0.000  0.000e+00
 224.193738  -22.95600  -41.81482    21.0464   4.998833      0.000  0.000e+00
 224.193796  -22.95550  -41.81416    21.0501   4.992013      0.000  0.000e+00
 224.193854  -22.95516  -41.81366    21.0650   4.965052      0.000  0.000e+00
 224.193912  -22.95468  -41.81294    21.0938   4.973524      0.000  0.000e+00
 224.193970  -22.95416  -41.81232    21.1116   4.890787      0.000  0.000e+00
 224.194028  -22.95382  -41.81166    21.1234   4.996248      0.000  0.000e+00
 224.194086  -22.95332  -41.81100    21.1301   4.983646      0.000  0.000e+00
 224.194144  -22.95290  -41.81040    21.1308   5.011537      0.000  0.000e+00
 224.194201  -22.95248  -41.80972    21.1530   4.966292      0.000  0.000e+00
 224.194259  -22.95200  -41.80900    21.1449   4.879530      0.000  0.000e+00
 224.194317  -22.95154  -41.80840    21.1582   4.946975      0.000  0.000e+00
 224.194375  -22.95116  -41.80782    21.1715   5.000898      0.000  0.000e+00
 224.194433  -22.95066  -41.80716    21.1833   4.982611      0.000  0.000e+00
 224.194491  -22.95020  -41.80650    21.1959   4.968045      0.000  0.000e+00
 224.194549  -22.94982  -41.80582    21.1996   5.020629      0.000  0.000e+00
 224.194606  -22.94932  -41.80516    21.2062   4.920738      0.000  0.000e+00
 224.194664  -22.94882  -41.80466    21.2188   4.964017      0.000  0.000e+00
 224.194722  -22.94850  -41.80400    21.2373   4.998005      0.000  0.000e+00
 224.194780  -22.94798  -41.80332    21.2461   5.008746      0.000  0.000e+00
 224.194838  -22.94750  -41.80266    21.2543   4.989327      0.000  0.000e+00
 224.194896  -22.94700  -41.80198    21.2631   5.020422      0.000  0.000e+00
 224.194954  -22.94660  -41.80142    21.2638   5.032614      0.000  0.000e+00
 224.195012  -22.94618  -41.80076    21.2660   4.801047      0.000  0.000e+00
 224.195069  -22.94566  -41.80016    21.2934   4.968148      0.000  0.000e+00
 224.195127  -22.94532  -41.79950    21.3163   5.022176      0.000  0.000e+00
 224.195185  -22.94482  -41.79882    21.3244   5.021454      0.000  0.000e+00
 224.195243  -22.94432  -41.79832    21.3340   4.998723      0.000  0.000e+00
 224.195301  -22.94382  -41.79766    21.3450   5.035298      0.000  0.000e+00
 224.195359  -22.94350  -41.79700    21.3465   5.042942      0.000  0.000e+00
 224.195417  -22.94300  -41.79632    21.3516   4.774098      0.000  0.000e+00
 224.195475  -22.94250  -41.79566    21.3605   4.794850      0.000  0.000e+00
 224.195532  -22.94216  -41.79516    21.3723   5.011639      0.000  0.000e+00
 224.195590  -22.94166  -41.79448    21.3892   5.026309      0.000  0.000e+00
 224.195648  -22.94132  -41.79382    21.4047   5.003167      0.000  0.000e+00
 224.195706  -22.94082  -41.79316    21.4055   5.050277      0.000  0.000e+00
 224.195764  -22.94032  -41.79266    21.4114   4.782977      0.000  0.000e+00
 224.195822  -22.94000  -41.79200    21.4195   5.044492      0.000  0.000e+00
 224.195880  -22.93950  -41.79132    21.4231   4.979507      0.000  0.000e+00
 224.195937  -22.93904  -41.79070    21.4290   5.029926      0.000  0.000e+00
 224.195995  -22.93856  -41.79002    21.4409   4.999551      0.000  0.000e+00
 224.196053  -22.93812  -41.78938    21.4438   5.055857      0.000  0.000e+00
 224.196111  -22.93770  -41.78876    21.4467   5.024447      0.000  0.000e+00
 224.196169  -22.93722  -41.78808    21.4710   4.889437      0.000  0.000e+00
 224.196227  -22.93680  -41.78740    21.4843   5.019385      0.000  0.000e+00
 224.196285  -22.93632  -41.78678    21.4909   5.040463      0.000  0.000e+00
 224.196343  -22.93592  -41.78618    21.4953   5.012669      0.000  0.000e+00
 224.196400  -22.93550  -41.78566    21.4990   5.062986      0.000  0.000e+00
 224.196458  -22.93500  -41.78482    21.5005   4.972069      0.000  0.000e+00
 224.196516  -22.93466  -41.78432    21.5049   5.044596      0.000  0.000e+00
 224.196574  -22.93416  -41.78366    21.4990   5.009879      0.000  0.000e+00
 224.196632  -22.93366  -41.78300    21.4960   4.982917      0.000  0.000e+00
 224.196690  -22.93332  -41.78232    21.5019   5.035502      0.000  0.000e+00
 224.196748  -22.93282  -41.78182    21.5086   4.969588      0.000  0.000e+00
 224.196806  -22.93232  -41.78116    21.5100   4.971758      0.000  0.000e+00
 224.196863  -22.93200  -41.78048    21.5093   5.064536      0.000  0.000e+00
 224.196921  -22.93150  -41.77982    21.5108   4.778743      0.000  0.000e+00
 224.196979  -22.93116  -41.77916    21.5071   5.017318      0.000  0.000e+00
 224.197037  -22.93066  -41.77850    21.5012   5.038291      0.000  0.000e+00
 224.197095  -22.93016  -41.77800    21.5019   5.050072      0.000  0.000e+00
 224.197153  -22.92982  -41.77732    21.5041   5.028890      0.000  0.000e+00
 224.197211  -22.92932  -41.77666    21.5071   5.056478      0.000  0.000e+00
 224.197269  -22.92890  -41.77600    21.5078   5.052035      0.000  0.000e+00
 224.197326  -22.92850  -41.77532    21.5086   4.949034      0.000  0.000e+00
 224.197384  -22.92798  -41.77474    21.4975   4.976511      0.000  0.000e+00
 224.197442  -22.92760  -41.77412    21.4946   5.032196      0.000  0.000e+00
 224.197500  -22.92714  -41.77346    21.4939   5.047488      0.000  0.000e+00
 224.197558  -22.92666  -41.77282    21.4968   5.025273      0.000  0.000e+00
 224.197616  -22.92626  -41.77220    21.5005   5.061126      0.000  0.000e+00
 224.197674  -22.92582  -41.77166    21.5012   5.063091      0.000  0.000e+00
 224.197731  -22.92550  -41.77100    21.4990   4.480280      0.000  0.000e+00
 224.197789  -22.92500  -41.77032    21.4725   5.041186      0.000  0.000e+00
 224.197847  -22.92450  -41.76966    21.4622   5.033332      0.000  0.000e+00
 224.197905  -22.92416  -41.76916    21.4703   4.952235      0.000  0.000e+00
 224.197963  -22.92366  -41.76850    21.4762   5.021140      0.000  0.000e+00
 224.198021  -22.92332  -41.76782    21.4769   4.849575      0.000  0.000e+00
 224.198079  -22.92282  -41.76716    21.4762   5.058646      0.000  0.000e+00
 224.198137  -22.92232  -41.76648    21.4747   5.003166      0.000  0.000e+00
 224.198194  -22.92182  -41.76582    21.4607   5.001306      0.000  0.000e+00
 224.198252  -22.92150  -41.76532    21.4548   5.022587      0.000  0.000e+00
 224.198310  -22.92100  -41.76466    21.4548   4.984880      0.000  0.000e+00
 224.198368  -22.92058  -41.76394    21.4585   4.864651      0.000  0.000e+00
 224.198426  -22.92016  -41.76332    21.4592   5.050691      0.000  0.000e+00
 224.198484  -22.91966  -41.76266    21.4600   5.045421      0.000  0.000e+00
 224.198542  -22.91916  -41.76200    21.4548   4.841626      0.000  0.000e+00
 224.198600  -22.91884  -41.76142    21.4298   5.003268      0.000  0.000e+00
 224.198657  -22.91832  -41.76082    21.4269   5.030542      0.000  0.000e+00
 224.198715  -22.91800  -41.76016    21.4283   5.036847      0.000  0.000e+00
 224.198773  -22.91750  -41.75948    21.4298   5.027857      0.000  0.000e+00
 224.198831  -22.91708  -41.75886    21.4327   5.049244      0.000  0.000e+00
 224.198889  -22.91666  -41.75816    21.4350   5.051313      0.000  0.000e+00
 224.198947  -22.91618  -41.75756    21.4327   4.884380      0.000  0.000e+00
 224.199005  -22.91582  -41.75700    21.4254   5.011532      0.000  0.000e+00
 224.199063  -22.91532  -41.75632    21.4305   4.990148      0.000  0.000e+00
 224.199120  -22.91482  -41.75566    21.4298   5.032919      0.000  0.000e+00
 224.199178  -22.91432  -41.75500    21.4217   5.033954      0.000  0.000e+00
 224.199236  -22.91400  -41.75432    21.4165   4.992630      0.000  0.000e+00
 224.199294  -22.91350  -41.75366    21.4136   5.034575      0.000  0.000e+00
 224.199352  -22.91316  -41.75298    21.4129   5.031475      0.000  0.000e+00
 224.199410  -22.91266  -41.75248    21.4070   5.036019      0.000  0.000e+00
 224.199468  -22.91214  -41.75174    21.3944   5.001307      0.000  0.000e+00
 224.199525  -22.91166  -41.75116    21.4003   5.012776      0.000  0.000e+00
 224.199583  -22.91124  -41.75048    21.4062   4.994695      0.000  0.000e+00
 224.199641  -22.91082  -41.74982    21.4084   5.048420      0.000  0.000e+00
 224.199699  -22.91032  -41.74916    21.4091   4.789169      0.000  0.000e+00
 224.199757  -22.91000  -41.74850    21.4077   4.936538      0.000  0.000e+00
 224.199815  -22.90948  -41.74792    21.4047   5.027858      0.000  0.000e+00
 224.199873  -22.90900  -41.74732    21.4114   4.766870      0.000  0.000e+00
 224.199931  -22.90866  -41.74666    21.4165   5.029407      0.000  0.000e+00
 224.199988  -22.90812  -41.74598    21.4231   5.009779      0.000  0.000e+00
 224.200046  -22.90770  -41.74538    21.4246   5.050590      0.000  0.000e+00
 224.200104  -22.90722  -41.74470    21.4269   5.049866      0.000  0.000e+00
 224.200162  -22.90680  -41.74406    21.4276   4.763051      0.000  0.000e+00
 224.200220  -22.90632  -41.74350    21.4254   4.797740      0.000  0.000e+00
 224.200278  -22.90590  -41.74280    21.4290   5.033540      0.000  0.000e+00
 224.200336  -22.90550  -41.74216    21.4327   4.751385      0.000  0.000e+00
 224.200394  -22.90500  -41.74150    21.4364   5.033126      0.000  0.000e+00
 224.200451  -22.90454  -41.74086    21.4386   5.055032      0.000  0.000e+00
 224.200509  -22.90416  -41.74032    21.4401   5.035504      0.000  0.000e+00
 224.200567  -22.90366  -41.73960    21.4445   5.011119      0.000  0.000e+00
 224.200625  -22.90322  -41.73898    21.4467   5.006780      0.000  0.000e+00
 224.200683  -22.90276  -41.73830    21.4489   5.027135      0.000  0.000e+00
 224.200741  -22.90230  -41.73766    21.4489   4.969489      0.000  0.000e+00
 224.200799  -22.90182  -41.73700    21.4534   5.014427      0.000  0.000e+00
 224.200856  -22.90132  -41.73650    21.4600   5.060403      0.000  0.000e+00
