tests/data/TSG/TSG_PIR_001.cnv
* Sea-Bird SBE 21 Data File:
* FileName = D:\COMISSÕES\2011\PIRATA BR XIII\RIO X FORTAL\PIR_001\PIR_001.hex
* Software Version Seasave Win32 V 5.39c
* Temperature SN = 3311
* Conductivity SN = 3311
* System UpLoad Time = Aug 12 2011 03:24:11
* NMEA Latitude = 23  5.090 S
* NMEA Longitude = 042 25.560 W
* NMEA UTC (Time) = Aug 12 2011  03:23:54
** H-40
** NOc ANTARES
** PIRATA BR XIII
** PIR 01
** DDHHMM/MMM/AA 120322/AGO/11
** 3311
** ANOTADOR 3ºSG HN HERCULIS
# nquan = 7
# nvalues = 2631                                  
# units = specified
# name 0 = timeJ: Julian Days
# name 1 = latitude: Latitude [deg]
# name 2 = longitude: Longitude [deg]
# name 3 = t090C: Temperature [ITS-90, deg C]
# name 4 = c0S/m: Conductivity [S/m]
# name 5 = prM: Pressure [db]
# name 6 = flag:  0.000e+00
# span 0 = 224.141597, 224.293796                 
# span 1 =  -23.09440,  -22.20708                 
# span 2 =  -42.42550,  -40.78400                 
# span 3 =    20.9686,    21.7092                 
# span 4 =   4.275461,   5.133459                 
# span 5 =      0.000,      0.000                 
# span 6 = 0.0000e+00, 0.0000e+00                 
# interval = seconds: 5
# start_time = Aug 12 2011 03:23:54
# bad_flag = -9.990e-29
*END*
[from data line 2257]
 224.272211  -22.36132  -40.99500    21.5682   4.992728      0.000  0.000e+00
 224.272269  -22.36082  -40.99450    21.5689   5.103492      0.000  0.000e+00
 224.272326  -22.36032  -40.99400    21.5821   5.111450      0.000  0.000e+00
 224.272384  -22.35982  -40.99350    21.5917   5.035602      0.000  0.000e+00
 224.272442  -22.35950  -40.99282    21.5902   5.126950      0.000  0.000e+00
 224.272500  -22.35900  -40.99232    21.5880   5.033436      0.000  0.000e+00
 224.272558  -22.35850  -40.99182    21.5873   4.913193      0.000  0.000e+00
 224.272616  -22.35816  -40.99132    21.5850   5.097083      0.000  0.000e+00
 224.272674  -22.35766  -40.99066    21.5828   5.101010      0.000  0.000e+00
 224.272731  -22.35722  -40.99018    21.5850   4.997583      0.000  0.000e+00
 224.272789  -22.35682  -40.98966    21.5865   5.126226      0.000  0.000e+00
 224.272847  -22.35632  -40.98916    21.5880   5.123435      0.000  0.000e+00
 224.272905  -22.35592  -40.98854    21.5946   5.087059      0.000  0.000e+00
 224.272963  -22.35548  -40.98802    21.6027   5.091713      0.000  0.000e+00
 224.273021  -22.35504  -40.98750    21.6034   5.094707      0.000  0.000e+00
 224.273079  -22.35460  -40.98694    21.6027   5.070114      0.000  0.000e+00
 224.273137  -22.35422  -40.98640    21.6012   5.127674      0.000  0.000e+00
 224.273194  -22.35378  -40.98582    21.6005   5.127879      0.000  0.000e+00
 224.273252  -22.35332  -40.98532    21.5983   5.084478      0.000  0.000e+00
 224.273310  -22.35288  -40.98478    21.6012   4.936740      0.000  0.000e+00
 224.273368  -22.35250  -40.98432    21.6019   5.095017      0.000  0.000e+00
 224.273426  -22.35200  -40.98368    21.5990   5.093055      0.000  0.000e+00
 224.273484  -22.35154  -40.98318    21.5990   5.116511      0.000  0.000e+00
 224.273542  -22.35116  -40.98266    21.5968   5.127261      0.000  0.000e+00
 224.273600  -22.35068  -40.98214    21.5946   4.686762      0.000  0.000e+00
 224.273657  -22.35020  -40.98160    21.5880   4.967111      0.000  0.000e+00
 224.273715  -22.34974  -40.98110    21.5865   5.103594      0.000  0.000e+00
 224.273773  -22.34932  -40.98066    21.5917   5.068771      0.000  0.000e+00
 224.273831  -22.34882  -40.98016    21.6063   4.980642      0.000  0.000e+00
 224.273889  -22.34838  -40.97954    21.6174   5.120232      0.000  0.000e+00
 224.273947  -22.34800  -40.97900    21.6159   5.127572      0.000  0.000e+00
 224.274005  -22.34750  -40.97850    21.6152   4.973100      0.000  0.000e+00
 224.274062  -22.34710  -40.97788    21.5976   5.095430      0.000  0.000e+00
 224.274120  -22.34668  -40.97732    21.5968   5.107107      0.000  0.000e+00
 224.274178  -22.34624  -40.97680    21.5997   5.100805      0.000  0.000e+00
 224.274236  -22.34580  -40.97628    21.6012   5.072284      0.000  0.000e+00
 224.274294  -22.34538  -40.97576    21.6005   5.125608      0.000  0.000e+00
 224.274352  -22.34500  -40.97516    21.6115   5.108553      0.000  0.000e+00
 224.274410  -22.34458  -40.97466    21.6042   5.093055      0.000  0.000e+00
 224.274468  -22.34414  -40.97406    21.5939   5.096050      0.000  0.000e+00
 224.274525  -22.34370  -40.97350    21.5917   5.073628      0.000  0.000e+00
 224.274583  -22.34332  -40.97300    21.5939   4.885306      0.000  0.000e+00
 224.274641  -22.34282  -40.97250    21.6027   5.016490      0.000  0.000e+00
 224.274699  -22.34232  -40.97200    21.6078   5.125501      0.000  0.000e+00
 224.274757  -22.34200  -40.97132    21.6056   4.829645      0.000  0.000e+00
 224.274815  -22.34150  -40.97082    21.6159   5.070114      0.000  0.000e+00
 224.274873  -22.34116  -40.97032    21.6167   4.965248      0.000  0.000e+00
 224.274931  -22.34066  -40.96982    21.6115   5.053066      0.000  0.000e+00
 224.274988  -22.34018  -40.96920    21.6019   5.081584      0.000  0.000e+00
 224.275046  -22.33970  -40.96870    21.5924   5.121578      0.000  0.000e+00
 224.275104  -22.33932  -40.96816    21.5909   5.126123      0.000  0.000e+00
 224.275162  -22.33882  -40.96762    21.5873   5.061125      0.000  0.000e+00
 224.275220  -22.33850  -40.96716    21.5828   5.048210      0.000  0.000e+00
 224.275278  -22.33798  -40.96658    21.5836   5.085302      0.000  0.000e+00
 224.275336  -22.33766  -40.96600    21.5836   5.085510      0.000  0.000e+00
 224.275394  -22.33716  -40.96550    21.5880   5.037465      0.000  0.000e+00
 224.275451  -22.33666  -40.96500    21.5887   5.123435      0.000  0.000e+00
 224.275509  -22.33632  -40.96432    21.5887   5.103594      0.000  0.000e+00
 224.275567  -22.33582  -40.96382    21.5894   5.103802      0.000  0.000e+00
 224.275625  -22.33550  -40.96332    21.6005   4.948517      0.000  0.000e+00
 224.275683  -22.33500  -40.96266    21.6056   4.984466      0.000  0.000e+00
 224.275741  -22.33466  -40.96216    21.6137   5.074247      0.000  0.000e+00
 224.275799  -22.33416  -40.96166    21.6196   4.980226      0.000  0.000e+00
 224.275856  -22.33382  -40.96098    21.6181   5.127363      0.000  0.000e+00
 224.275914  -22.33350  -40.96050    21.6167   5.076520      0.000  0.000e+00
 224.275972  -22.33300  -40.95982    21.6093   5.006364      0.000  0.000e+00
 224.276030  -22.33266  -40.95932    21.6115   5.102459      0.000  0.000e+00
 224.276088  -22.33218  -40.95876    21.6188   5.104729      0.000  0.000e+00
 224.276146  -22.33182  -40.95832    21.6284   5.101425      0.000  0.000e+00
 224.276204  -22.33132  -40.95768    21.6298   5.128398      0.000  0.000e+00
 224.276262  -22.33082  -40.95716    21.6277   4.851534      0.000  0.000e+00
 224.276319  -22.33050  -40.95666    21.6269   5.049656      0.000  0.000e+00
 224.276377  -22.33000  -40.95616    21.6233   5.003265      0.000  0.000e+00
 224.276435  -22.32952  -40.95552    21.6196   5.100597      0.000  0.000e+00
 224.276493  -22.32912  -40.95498    21.6188   5.102973      0.000  0.000e+00
 224.276551  -22.32866  -40.95432    21.6218   5.123848      0.000  0.000e+00
 224.276609  -22.32832  -40.95398    21.6402   5.127878      0.000  0.000e+00
 224.276667  -22.32782  -40.95350    21.7092   5.121780      0.000  0.000e+00
 224.276725  -22.32750  -40.95282    21.6328   5.086439      0.000  0.000e+00
 224.276782  -22.32700  -40.95232    21.6277   5.048104      0.000  0.000e+00
 224.276840  -22.32666  -40.95182    21.6357   5.078898      0.000  0.000e+00
 224.276898  -22.32616  -40.95116    21.6402   5.078275      0.000  0.000e+00
 224.276956  -22.32582  -40.95066    21.6482   5.101425      0.000  0.000e+00
 224.277014  -22.32550  -40.95000    21.6453   5.097498      0.000  0.000e+00
 224.277072  -22.32500  -40.94950    21.6387   5.096257      0.000  0.000e+00
 224.277130  -22.32466  -40.94882    21.6306   5.080549      0.000  0.000e+00
 224.277188  -22.32416  -40.94832    21.6225   5.066809      0.000  0.000e+00
 224.277245  -22.32382  -40.94766    21.6211   5.097808      0.000  0.000e+00
 224.277303  -22.32350  -40.94716    21.6203   5.087059      0.000  0.000e+00
 224.277361  -22.32300  -40.94650    21.6188   4.945829      0.000  0.000e+00
 224.277419  -22.32266  -40.94582    21.6167   4.925481      0.000  0.000e+00
 224.277477  -22.32216  -40.94532    21.6101   5.119716      0.000  0.000e+00
 224.277535  -22.32182  -40.94466    21.5917   5.108038      0.000  0.000e+00
 224.277593  -22.32132  -40.94416    21.5865   5.090367      0.000  0.000e+00
 224.277650  -22.32100  -40.94366    21.5917   5.092949      0.000  0.000e+00
 224.277708  -22.32066  -40.94300    21.5961   4.987358      0.000  0.000e+00
 224.277766  -22.32010  -40.94240    21.5961   5.116719      0.000  0.000e+00
 224.277824  -22.31966  -40.94182    21.5917   5.078484      0.000  0.000e+00
 224.277882  -22.31932  -40.94132    21.5828   5.091917      0.000  0.000e+00
 224.277940  -22.31882  -40.94066    21.5689   5.057611      0.000  0.000e+00
 224.277998  -22.31848  -40.94010    21.5718   5.087060      0.000  0.000e+00
 224.278056  -22.31816  -40.93950    21.5799   5.056477      0.000  0.000e+00
 224.278113  -22.31768  -40.93898    21.5828   5.058852      0.000  0.000e+00
 224.278171  -22.31726  -40.93836    21.5814   5.113927      0.000  0.000e+00
 224.278229  -22.31690  -40.93778    21.5799   5.005746      0.000  0.000e+00
 224.278287  -22.31650  -40.93718    21.5711   5.048726      0.000  0.000e+00
 224.278345  -22.31616  -40.93666    21.5755   5.071250      0.000  0.000e+00
 224.278403  -22.31570  -40.93604    21.5828   5.096466      0.000  0.000e+00
 224.278461  -22.31532  -40.93550    21.5887   4.776675      0.000  0.000e+00
 224.278519  -22.31482  -40.93482    21.5894   5.117235      0.000  0.000e+00
 224.278576  -22.31446  -40.93430    21.5939   4.913810      0.000  0.000e+00
 224.278634  -22.31400  -40.93382    21.5858   5.003472      0.000  0.000e+00
 224.278692  -22.31366  -40.93316    21.5755   4.729494      0.000  0.000e+00
 224.278750  -22.31316  -40.93266    21.5755   5.073111      0.000  0.000e+00
 224.278808  -22.31282  -40.93200    21.5769   5.004301      0.000  0.000e+00
 224.278866  -22.31250  -40.93150    21.5762   5.025686      0.000  0.000e+00
 224.278924  -22.31204  -40.93092    21.5755   5.112068      0.000  0.000e+00
 224.278981  -22.31166  -40.93032    21.5850   5.108451      0.000  0.000e+00
 224.279039  -22.31116  -40.92982    21.5645   4.961429      0.000  0.000e+00
 224.279097  -22.31082  -40.92916    21.5130   4.843378      0.000  0.000e+00
 224.279155  -22.31050  -40.92866    21.5049   5.066188      0.000  0.000e+00
 224.279213  -22.31000  -40.92800    21.5123   5.056271      0.000  0.000e+00
 224.279271  -22.30966  -40.92750    21.5166   5.050174      0.000  0.000e+00
 224.279329  -22.30916  -40.92682    21.5152   4.894083      0.000  0.000e+00
 224.279387  -22.30882  -40.92632    21.5123   5.074558      0.000  0.000e+00
 224.279444  -22.30850  -40.92582    21.5005   4.925174      0.000  0.000e+00
 224.279502  -22.30816  -40.92516    21.4659   5.001305      0.000  0.000e+00
 224.279560  -22.30766  -40.92450    21.4563   5.043460      0.000  0.000e+00
 224.279618  -22.30750  -40.92382    21.4563   5.059370      0.000  0.000e+00
 224.279676  -22.30716  -40.92332    21.4578   5.027030      0.000  0.000e+00
 224.279734  -22.30682  -40.92266    21.4526   5.073940      0.000  0.000e+00
 224.279792  -22.30650  -40.92200    21.4475   5.037569      0.000  0.000e+00
 224.279850  -22.30616  -40.92132    21.4106   5.040772      0.000  0.000e+00
 224.279907  -22.30582  -40.92082    21.3959   5.041808      0.000  0.000e+00
 224.279965  -22.30550  -40.92016    21.3996   5.034056      0.000  0.000e+00
 224.280023  -22.30518  -40.91944    21.4040   4.895534      0.000  0.000e+00
 224.280081  -22.30486  -40.91880    21.4055   5.079623      0.000  0.000e+00
 224.280139  -22.30456  -40.91818    21.4025   4.922285      0.000  0.000e+00
 224.280197  -22.30432  -40.91750    21.3885   4.950585      0.000  0.000e+00
 224.280255  -22.30400  -40.91700    21.3752   4.847098      0.000  0.000e+00
 224.280312  -22.30366  -40.91616    21.3738   4.909166      0.000  0.000e+00
 224.280370  -22.30350  -40.91566    21.3804   4.973414      0.000  0.000e+00
 224.280428  -22.30316  -40.91500    21.3804   5.074768      0.000  0.000e+00
 224.280486  -22.30282  -40.91432    21.3767   4.940048      0.000  0.000e+00
 224.280544  -22.30266  -40.91366    21.3657   4.935091      0.000  0.000e+00
 224.280602  -22.30232  -40.91298    21.3546   5.042942      0.000  0.000e+00
 224.280660  -22.30204  -40.91232    21.3568   4.865479      0.000  0.000e+00
 224.280718  -22.30182  -40.91166    21.3723   4.918873      0.000  0.000e+00
 224.280775  -22.30150  -40.91100    21.3775   5.072288      0.000  0.000e+00
 224.280833  -22.30116  -40.91032    21.3745   5.072186      0.000  0.000e+00
 224.280891  -22.30094  -40.90970    21.3745   5.023520      0.000  0.000e+00
 224.280949  -22.30066  -40.90900    21.3554   4.998517      0.000  0.000e+00
 224.281007  -22.30050  -40.90850    21.3509   4.897289      0.000  0.000e+00
 224.281065  -22.30016  -40.90782    21.3421   5.030134      0.000  0.000e+00
 224.281123  -22.29984  -40.90714    21.3354   4.927140      0.000  0.000e+00
 224.281181  -22.29954  -40.90646    21.3318   5.065881      0.000  0.000e+00
 224.281238  -22.29926  -40.90582    21.3347   5.059270      0.000  0.000e+00
 224.281296  -22.29900  -40.90516    21.3325   4.663851      0.000  0.000e+00
 224.281354  -22.29870  -40.90448    21.3244   5.023935      0.000  0.000e+00
 224.281412  -22.29832  -40.90400    21.3273   4.971660      0.000  0.000e+00
 224.281470  -22.29800  -40.90332    21.3310   5.048316      0.000  0.000e+00
 224.281528  -22.29766  -40.90282    21.3340   5.033748      0.000  0.000e+00
 224.281586  -22.29732  -40.90216    21.3325   5.063505      0.000  0.000e+00
 224.281644  -22.29700  -40.90150    21.3310   5.025483      0.000  0.000e+00
 224.281701  -22.29650  -40.90100    21.3148   4.918874      0.000  0.000e+00
 224.281759  -22.29616  -40.90032    21.2808   4.951312      0.000  0.000e+00
 224.281817  -22.29582  -40.89966    21.2712   4.948108      0.000  0.000e+00
 224.281875  -22.29550  -40.89916    21.2690   4.963601      0.000  0.000e+00
 224.281933  -22.29516  -40.89848    21.2749   4.884899      0.000  0.000e+00
 224.281991  -22.29482  -40.89782    21.2771   5.055652      0.000  0.000e+00
 224.282049  -22.29432  -40.89716    21.2764   4.776989      0.000  0.000e+00
 224.282106  -22.29400  -40.89666    21.2617   4.862591      0.000  0.000e+00
 224.282164  -22.29366  -40.89600    21.2447   4.891197      0.000  0.000e+00
 224.282222  -22.29332  -40.89532    21.2321   5.009058      0.000  0.000e+00
 224.282280  -22.29300  -40.89468    21.2247   5.032302      0.000  0.000e+00
 224.282338  -22.29266  -40.89416    21.2225   5.035300      0.000  0.000e+00
 224.282396  -22.29232  -40.89350    21.2166   5.027759      0.000  0.000e+00
 224.282454  -22.29200  -40.89282    21.1877   4.989841      0.000  0.000e+00
 224.282512  -22.29166  -40.89216    21.1604   4.988294      0.000  0.000e+00
 224.282569  -22.29132  -40.89148    21.1634   4.826553      0.000  0.000e+00
 224.282627  -22.29100  -40.89100    21.1685   4.908652      0.000  0.000e+00
 224.282685  -22.29066  -40.89032    21.1707   5.035301      0.000  0.000e+00
 224.282743  -22.29032  -40.88966    21.1707   4.996765      0.000  0.000e+00
 224.282801  -22.29000  -40.88900    21.1671   4.941190      0.000  0.000e+00
 224.282859  -22.28966  -40.88850    21.1522   4.943463      0.000  0.000e+00
 224.282917  -22.28932  -40.88776    21.1522   4.991288      0.000  0.000e+00
 224.282975  -22.28900  -40.88716    21.1545   4.996353      0.000  0.000e+00
 224.283032  -22.28866  -40.88650    21.1582   4.993252      0.000  0.000e+00
 224.283090  -22.28832  -40.88600    21.1604   5.032924      0.000  0.000e+00
 224.283148  -22.28794  -40.88530    21.1604   4.837190      0.000  0.000e+00
 224.283206  -22.28756  -40.88470    21.1560   4.835538      0.000  0.000e+00
 224.283264  -22.28716  -40.88416    21.1560   4.964845      0.000  0.000e+00
 224.283322  -22.28684  -40.88352    21.1634   5.011435      0.000  0.000e+00
 224.283380  -22.28648  -40.88292    21.1626   4.939123      0.000  0.000e+00
 224.283437  -22.28610  -40.88232    21.1596   5.030753      0.000  0.000e+00
 224.283495  -22.28594  -40.88168    21.1589   5.032408      0.000  0.000e+00
 224.283553  -22.28566  -40.88116    21.1685   4.985919      0.000  0.000e+00
 224.283611  -22.28532  -40.88046    21.1367   4.976412      0.000  0.000e+00
 224.283669  -22.28506  -40.87980    21.1345   4.997077      0.000  0.000e+00
 224.283727  -22.28472  -40.87920    21.1419   5.008440      0.000  0.000e+00
 224.283785  -22.28444  -40.87854    21.1537   4.744988      0.000  0.000e+00
 224.283843  -22.28412  -40.87792    21.1560   5.030031      0.000  0.000e+00
 224.283900  -22.28382  -40.87728    21.1604   4.877979      0.000  0.000e+00
 224.283958  -22.28350  -40.87666    21.1715   4.971247      0.000  0.000e+00
