tests/data/TSG/TSG_PIR_001.cnv
* Sea-Bird SBE 21 Data File:
* FileName = D:\COMISSÕES\2011\PIRATA BR XIII\RIO X FORTAL\PIR_001\PIR_001.hex
* Software Version Seasave Win32 V 5.39c
* Temperature SN = 3311
* Conductivity SN = 3311
* System UpLoad Time = Aug 12 2011 03:24:11
* NMEA Latitude = 23  5.090 S
* NMEA Longitude = 042 25.560 W
* NMEA UTC (Time) = Aug 12 2011  03:23:54
** H-40
** NOc ANTARES
** PIRATA BR XIII
** PIR 01
** DDHHMM/MMM/AA 120322/AGO/11
** 3311
** ANOTADOR 3ºSG HN HERCULIS
# nquan = 7
# nvalues = 2631                                  
# units = specified
# name 0 = timeJ: Julian Days
# name 1 = latitude: Latitude [deg]
# name 2 = longitude: Longitude [deg]
# name 3 = t090C: Temperature [ITS-90, deg C]
# name 4 = c0S/m: Conductivity [S/m]
# name 5 = prM: Pressure [db]
# name 6 = flag:  0.000e+00
# span 0 = 224.141597, 224.293796                 
# span 1 =  -23.09440,  -22.20708                 
# span 2 =  -42.42550,  -40.78400                 
# span 3 =    20.9686,    21.7092                 
# span 4 =   4.275461,   5.133459                 
# span 5 =      0.000,      0.000                 
# span 6 = 0.0000e+00, 0.0000e+00                 
# interval = seconds: 5
# start_time = Aug 12 2011 03:23:54
# bad_flag = -9.990e-29
*END*
[from data line 2462]
 224.284074  -22.28302  -40.87528    21.1877   4.916296      0.000  0.000e+00
 224.284132  -22.28282  -40.87466    21.1900   4.895950      0.000  0.000e+00
 224.284190  -22.28250  -40.87394    21.1915   4.999348      0.000  0.000e+00
 224.284248  -22.28232  -40.87332    21.1907   5.031893      0.000  0.000e+00
 224.284306  -22.28200  -40.87266    21.1877   4.959472      0.000  0.000e+00
 224.284363  -22.28182  -40.87200    21.1745   4.932510      0.000  0.000e+00
 224.284421  -22.28150  -40.87132    21.1419   4.693271      0.000  0.000e+00
 224.284479  -22.28100  -40.87082    21.1411   4.994801      0.000  0.000e+00
 224.284537  -22.28066  -40.87016    21.1493   4.887789      0.000  0.000e+00
 224.284595  -22.28016  -40.86966    21.1560   5.013193      0.000  0.000e+00
 224.284653  -22.27982  -40.86900    21.1611   5.020837      0.000  0.000e+00
 224.284711  -22.27932  -40.86850    21.1611   5.026414      0.000  0.000e+00
 224.284769  -22.27892  -40.86790    21.1707   4.770074      0.000  0.000e+00
 224.284826  -22.27850  -40.86732    21.1241   5.011124      0.000  0.000e+00
 224.284884  -22.27810  -40.86676    21.1116   4.984781      0.000  0.000e+00
 224.284942  -22.27764  -40.86620    21.1116   4.976622      0.000  0.000e+00
 224.285000  -22.27732  -40.86566    21.1160   4.922390      0.000  0.000e+00
 224.285058  -22.27682  -40.86516    21.1190   5.020732      0.000  0.000e+00
 224.285116  -22.27632  -40.86448    21.1279   4.976517      0.000  0.000e+00
 224.285174  -22.27600  -40.86398    21.1219   4.986744      0.000  0.000e+00
 224.285231  -22.27550  -40.86332    21.0968   4.847413      0.000  0.000e+00
 224.285289  -22.27516  -40.86282    21.1005   4.986744      0.000  0.000e+00
 224.285347  -22.27466  -40.86232    21.1086   4.988812      0.000  0.000e+00
 224.285405  -22.27432  -40.86166    21.1145   4.939124      0.000  0.000e+00
 224.285463  -22.27382  -40.86116    21.1145   5.018978      0.000  0.000e+00
 224.285521  -22.27350  -40.86050    21.1279   4.894918      0.000  0.000e+00
 224.285579  -22.27300  -40.86000    21.1241   4.956581      0.000  0.000e+00
 224.285637  -22.27266  -40.85932    21.1315   4.987159      0.000  0.000e+00
 224.285694  -22.27216  -40.85882    21.1315   4.846894      0.000  0.000e+00
 224.285752  -22.27182  -40.85816    21.1338   4.875293      0.000  0.000e+00
 224.285810  -22.27132  -40.85782    21.1360   4.942325      0.000  0.000e+00
 224.285868  -22.27082  -40.85732    21.1419   4.968356      0.000  0.000e+00
 224.285926  -22.27026  -40.85694    21.1301   4.953690      0.000  0.000e+00
 224.285984  -22.26966  -40.85648    21.1183   5.002241      0.000  0.000e+00
 224.286042  -22.26916  -40.85600    21.1234   4.992942      0.000  0.000e+00
 224.286100  -22.26860  -40.85550    21.1256   5.016599      0.000  0.000e+00
 224.286157  -22.26810  -40.85504    21.1301   4.808071      0.000  0.000e+00
 224.286215  -22.26766  -40.85466    21.1323   4.926421      0.000  0.000e+00
 224.286273  -22.26702  -40.85410    21.1315   4.959369      0.000  0.000e+00
 224.286331  -22.26650  -40.85368    21.1375   4.975690      0.000  0.000e+00
 224.286389  -22.26596  -40.85320    21.1404   5.012987      0.000  0.000e+00
 224.286447  -22.26548  -40.85278    21.1419   4.849066      0.000  0.000e+00
 224.286505  -22.26492  -40.85232    21.1449   4.898530      0.000  0.000e+00
 224.286563  -22.26440  -40.85186    21.1471   4.932824      0.000  0.000e+00
 224.286620  -22.26382  -40.85132    21.1515   4.996147      0.000  0.000e+00
 224.286678  -22.26334  -40.85096    21.1522   5.011537      0.000  0.000e+00
 224.286736  -22.26282  -40.85048    21.1522   5.021044      0.000  0.000e+00
 224.286794  -22.26232  -40.84998    21.1589   5.006271      0.000  0.000e+00
 224.286852  -22.26182  -40.84966    21.1508   4.880665      0.000  0.000e+00
 224.286910  -22.26132  -40.84916    21.1515   4.832851      0.000  0.000e+00
 224.286968  -22.26070  -40.84864    21.1663   4.985297      0.000  0.000e+00
 224.287025  -22.26016  -40.84816    21.1767   4.986537      0.000  0.000e+00
 224.287083  -22.25966  -40.84782    21.1796   4.984263      0.000  0.000e+00
 224.287141  -22.25916  -40.84732    21.1774   4.986436      0.000  0.000e+00
 224.287199  -22.25850  -40.84700    21.1671   4.954514      0.000  0.000e+00
 224.287257  -22.25800  -40.84650    21.1648   5.008335      0.000  0.000e+00
 224.287315  -22.25744  -40.84602    21.1604   5.015052      0.000  0.000e+00
 224.287373  -22.25700  -40.84566    21.1656   4.980234      0.000  0.000e+00
 224.287431  -22.25638  -40.84514    21.1678   4.965772      0.000  0.000e+00
 224.287488  -22.25582  -40.84482    21.1700   5.011950      0.000  0.000e+00
 224.287546  -22.25532  -40.84432    21.1707   5.010298      0.000  0.000e+00
 224.287604  -22.25482  -40.84382    21.1745   4.924352      0.000  0.000e+00
 224.287662  -22.25422  -40.84340    21.1707   4.994594      0.000  0.000e+00
 224.287720  -22.25370  -40.84298    21.1700   5.004308      0.000  0.000e+00
 224.287778  -22.25318  -40.84252    21.1796   4.902972      0.000  0.000e+00
 224.287836  -22.25266  -40.84216    21.1803   5.023418      0.000  0.000e+00
 224.287894  -22.25216  -40.84166    21.1781   5.025692      0.000  0.000e+00
 224.287951  -22.25150  -40.84132    21.1781   4.879837      0.000  0.000e+00
 224.288009  -22.25102  -40.84074    21.2011   5.007820      0.000  0.000e+00
 224.288067  -22.25050  -40.84032    21.2151   4.945216      0.000  0.000e+00
 224.288125  -22.25000  -40.84000    21.2210   4.843279      0.000  0.000e+00
 224.288183  -22.24940  -40.83946    21.2299   4.868272      0.000  0.000e+00
 224.288241  -22.24884  -40.83900    21.2284   5.030136      0.000  0.000e+00
 224.288299  -22.24832  -40.83850    21.2749   5.026412      0.000  0.000e+00
 224.288356  -22.24774  -40.83810    21.2764   4.862590      0.000  0.000e+00
 224.288414  -22.24722  -40.83768    21.2188   4.980027      0.000  0.000e+00
 224.288472  -22.24666  -40.83716    21.2143   4.772759      0.000  0.000e+00
 224.288530  -22.24616  -40.83682    21.2122   4.987259      0.000  0.000e+00
 224.288588  -22.24566  -40.83632    21.2136   4.996247      0.000  0.000e+00
 224.288646  -22.24500  -40.83582    21.2143   5.015670      0.000  0.000e+00
 224.288704  -22.24450  -40.83532    21.2099   5.006889      0.000  0.000e+00
 224.288762  -22.24416  -40.83482    21.2077   5.000485      0.000  0.000e+00
 224.288819  -22.24366  -40.83432    21.2084   4.926934      0.000  0.000e+00
 224.288877  -22.24316  -40.83366    21.2151   5.018664      0.000  0.000e+00
 224.288935  -22.24282  -40.83316    21.2151   4.872091      0.000  0.000e+00
 224.288993  -22.24232  -40.83250    21.2277   4.733216      0.000  0.000e+00
 224.289051  -22.24200  -40.83200    21.2196   4.868372      0.000  0.000e+00
 224.289109  -22.24150  -40.83132    21.2196   4.927656      0.000  0.000e+00
 224.289167  -22.24116  -40.83082    21.2365   4.994181      0.000  0.000e+00
 224.289225  -22.24066  -40.83016    21.2564   5.032821      0.000  0.000e+00
 224.289282  -22.24030  -40.82958    21.2564   5.033441      0.000  0.000e+00
 224.289340  -22.24000  -40.82898    21.2646   4.771829      0.000  0.000e+00
 224.289398  -22.23950  -40.82832    21.2483   5.002239      0.000  0.000e+00
 224.289456  -22.23916  -40.82782    21.2365   5.001621      0.000  0.000e+00
 224.289514  -22.23864  -40.82718    21.2299   4.969182      0.000  0.000e+00
 224.289572  -22.23822  -40.82660    21.2269   5.031065      0.000  0.000e+00
 224.289630  -22.23782  -40.82600    21.2239   4.714741      0.000  0.000e+00
 224.289687  -22.23738  -40.82542    21.2166   5.005339      0.000  0.000e+00
 224.289745  -22.23700  -40.82482    21.2040   4.936127      0.000  0.000e+00
 224.289803  -22.23650  -40.82432    21.2114   4.984056      0.000  0.000e+00
 224.289861  -22.23616  -40.82370    21.2143   5.031166      0.000  0.000e+00
 224.289919  -22.23566  -40.82316    21.2143   4.842868      0.000  0.000e+00
 224.289977  -22.23532  -40.82252    21.2254   4.982921      0.000  0.000e+00
 224.290035  -22.23486  -40.82198    21.2269   5.000068      0.000  0.000e+00
 224.290093  -22.23446  -40.82140    21.2277   4.998931      0.000  0.000e+00
 224.290150  -22.23402  -40.82082    21.2321   4.960298      0.000  0.000e+00
 224.290208  -22.23366  -40.82032    21.2313   5.034371      0.000  0.000e+00
 224.290266  -22.23316  -40.81966    21.2395   4.857738      0.000  0.000e+00
 224.290324  -22.23278  -40.81906    21.2336   4.395186      0.000  0.000e+00
 224.290382  -22.23232  -40.81850    21.2254   5.012779      0.000  0.000e+00
 224.290440  -22.23200  -40.81800    21.2225   4.880252      0.000  0.000e+00
 224.290498  -22.23150  -40.81732    21.2196   5.000068      0.000  0.000e+00
 224.290556  -22.23110  -40.81676    21.2136   4.960298      0.000  0.000e+00
 224.290613  -22.23066  -40.81616    21.2122   4.998624      0.000  0.000e+00
 224.290671  -22.23032  -40.81566    21.1981   4.988912      0.000  0.000e+00
 224.290729  -22.22982  -40.81498    21.1737   5.005028      0.000  0.000e+00
 224.290787  -22.22942  -40.81438    21.1715   5.004098      0.000  0.000e+00
 224.290845  -22.22902  -40.81376    21.1767   4.999037      0.000  0.000e+00
 224.290903  -22.22862  -40.81320    21.1833   5.030238      0.000  0.000e+00
 224.290961  -22.22816  -40.81266    21.1833   5.019698      0.000  0.000e+00
 224.291019  -22.22782  -40.81200    21.2047   4.979510      0.000  0.000e+00
 224.291076  -22.22732  -40.81150    21.1737   4.898530      0.000  0.000e+00
 224.291134  -22.22700  -40.81082    21.1678   4.997177      0.000  0.000e+00
 224.291192  -22.22652  -40.81028    21.1745   4.996559      0.000  0.000e+00
 224.291250  -22.22616  -40.80966    21.1848   4.998625      0.000  0.000e+00
 224.291308  -22.22566  -40.80916    21.1915   4.932510      0.000  0.000e+00
 224.291366  -22.22532  -40.80848    21.1892   5.029516      0.000  0.000e+00
 224.291424  -22.22482  -40.80798    21.2077   5.002859      0.000  0.000e+00
 224.291481  -22.22450  -40.80732    21.2077   4.890061      0.000  0.000e+00
 224.291539  -22.22400  -40.80682    21.2321   5.003065      0.000  0.000e+00
 224.291597  -22.22366  -40.80616    21.2469   5.012778      0.000  0.000e+00
 224.291655  -22.22316  -40.80550    21.2550   5.005338      0.000  0.000e+00
 224.291713  -22.22276  -40.80494    21.2617   4.756652      0.000  0.000e+00
 224.291771  -22.22230  -40.80438    21.2572   5.037057      0.000  0.000e+00
 224.291829  -22.22194  -40.80378    21.2579   5.038810      0.000  0.000e+00
 224.291887  -22.22150  -40.80316    21.2757   4.997176      0.000  0.000e+00
 224.291944  -22.22116  -40.80266    21.2505   5.015670      0.000  0.000e+00
 224.292002  -22.22066  -40.80198    21.2579   4.999554      0.000  0.000e+00
 224.292060  -22.22020  -40.80138    21.2734   4.914437      0.000  0.000e+00
 224.292118  -22.21980  -40.80082    21.2860   5.011227      0.000  0.000e+00
 224.292176  -22.21936  -40.80020    21.2853   5.040259      0.000  0.000e+00
 224.292234  -22.21900  -40.79966    21.2838   4.844210      0.000  0.000e+00
 224.292292  -22.21850  -40.79900    21.2934   4.737243      0.000  0.000e+00
 224.292350  -22.21810  -40.79840    21.2978   4.988704      0.000  0.000e+00
 224.292407  -22.21766  -40.79782    21.3015   5.012672      0.000  0.000e+00
 224.292465  -22.21732  -40.79716    21.3059   5.007401      0.000  0.000e+00
 224.292523  -22.21682  -40.79666    21.3074   4.969592      0.000  0.000e+00
 224.292581  -22.21650  -40.79600    21.3030   5.032613      0.000  0.000e+00
 224.292639  -22.21600  -40.79550    21.3030   5.039430      0.000  0.000e+00
 224.292697  -22.21550  -40.79492    21.3612   5.005543      0.000  0.000e+00
 224.292755  -22.21516  -40.79432    21.3000   4.683464      0.000  0.000e+00
 224.292813  -22.21466  -40.79382    21.2853   4.989116      0.000  0.000e+00
 224.292870  -22.21416  -40.79332    21.2941   4.994798      0.000  0.000e+00
 224.292928  -22.21350  -40.79294    21.3015   5.020729      0.000  0.000e+00
 224.292986  -22.21300  -40.79250    21.3066   5.018355      0.000  0.000e+00
 224.293044  -22.21260  -40.79190    21.3089   4.965358      0.000  0.000e+00
 224.293102  -22.21216  -40.79132    21.3089   5.032820      0.000  0.000e+00
 224.293160  -22.21174  -40.79072    21.4099   4.953580      0.000  0.000e+00
 224.293218  -22.21132  -40.79016    21.4217   4.815398      0.000  0.000e+00
 224.293275  -22.21082  -40.78950    21.3199   5.006782      0.000  0.000e+00
 224.293333  -22.21050  -40.78900    21.3081   4.963190      0.000  0.000e+00
 224.293391  -22.21000  -40.78832    21.3178   5.001927      0.000  0.000e+00
 224.293449  -22.20966  -40.78782    21.3465   5.009987      0.000  0.000e+00
 224.293507  -22.20916  -40.78716    21.3701   4.996349      0.000  0.000e+00
 224.293565  -22.20878  -40.78646    21.3679   5.012465      0.000  0.000e+00
 224.293623  -22.20832  -40.78582    21.3531   4.923213      0.000  0.000e+00
 224.293681  -22.20800  -40.78532    21.3531   5.036848      0.000  0.000e+00
 224.293738  -22.20750  -40.78466    21.3664   4.846169      0.000  0.000e+00
 224.293796  -22.20708  -40.78400    21.3354   4.990049      0.000  0.000e+00
