test_data/dPIRX003.cnv
* Sea-Bird SBE 9 Data File:
* FileName = D:\COMISSOES\PIRATA_BR_X\Bruto\PIRX003.dat
* Software Version Seasave Win32 V 5.37d
* Temperature SN = 1721
* Conductivity SN = 1499
* Number of Bytes Per Scan = 21
* Number of Voltage Words = 1
* Number of Scans Averaged by the Deck Unit = 1
** H40 
** NOc ANTARES 
** 196 
** PIRATA BR X 
**   003
**   12 40.46 N
**   038 00.11 W
**   02/04/2008 18:53
**   5480
** 09P46375-0881 
**   1T Felipe Garcez
# nquan = 11
# nvalues = 349                         
# units = specified
# name 0 = timeS: Time, Elapsed [seconds]
# name 1 = prDM: Pressure, Digiquartz [db]
# name 2 = t090C: Temperature [ITS-90, deg C]
# name 3 = t190C: Temperature, 2 [ITS-90, deg C]
# name 4 = c0S/m: Conductivity [S/m]
# name 5 = c1S/m: Conductivity, 2 [S/m]
# name 6 = potemp090C: Potential Temperature [ITS-90, deg C]
# name 7 = potemp190C: Potential Temperature, 2 [ITS-90, deg C]
# name 8 = sal00: Salinity [PSU]
# name 9 = sal11: Salinity, 2 [PSU]
# name 10 = flag:
# span 0 =    246.446,    729.875       
# span 1 =    162.000,    510.000       
# span 2 =     9.5021,    15.8635       
# span 3 =     7.8190,    15.7969       
# span 4 =   3.706215,   4.468541       
# span 5 =   3.407280,   4.497739       
# span 6 =     9.4410,    15.8372       
# span 7 =     7.7944,    15.7713       
# span 8 =    30.9703,    40.7058       
# span 9 =    31.1800,    36.0788       
# span 10 = 0.0000e+00, 0.0000e+00      
# interval = decibars: 1                
# start_time = Apr 02 2008 18:52:30
# bad_flag = -9.990e-29
*END*
[from data line 263]
    650.504    425.000     9.9859    10.1634   3.857124   3.859967     9.9359    10.1129    35.3108    35.1674 0.0000e+00
    651.571    426.000    10.0313    10.0058   3.856455   3.860554     9.9810     9.9556    35.2594    35.3260 0.0000e+00
    652.197    427.000    10.1324     9.8960   3.855453   3.855958    10.0818     9.8459    35.1506    35.3858 0.0000e+00
    652.970    428.000    10.1245     9.8861   3.854254   3.846923    10.0737     9.8360    35.1456    35.3024 0.0000e+00
    656.103    429.000    10.0773    10.0702   3.851264   3.858682    10.0266    10.0195    35.1604    35.2429 0.0000e+00
    657.270    430.000    10.0795     9.9679   3.849870   3.857125    10.0287     9.9173    35.1436    35.3261 0.0000e+00
    660.226    431.000     9.9996    10.1437   3.848633   3.854827     9.9488    10.0925    35.2081    35.1315 0.0000e+00
    661.794    432.000    10.0310    10.0047   3.847447   3.852910     9.9800     9.9538    35.1650    35.2463 0.0000e+00
    662.625    433.000    10.0637     9.8439   3.847160   3.854202    10.0126     9.7933    35.1299    35.4160 0.0000e+00
    663.552    434.000    10.0480     9.8493   3.846182   3.854159     9.9968     9.7986    35.1348    35.4098 0.0000e+00
    664.669    435.000     9.9955    10.0257   3.845692   3.852727     9.9443     9.9744    35.1802    35.2227 0.0000e+00
    667.325    436.000     9.9459    10.0536   3.845541   3.848729     9.8947    10.0021    35.2264    35.1544 0.0000e+00
    670.208    437.000    10.0252     9.8980   3.842565   3.846918     9.9737     9.8468    35.1186    35.2867 0.0000e+00
    670.941    438.000    10.0034     9.8069   3.840819   3.845268     9.9518     9.7559    35.1214    35.3582 0.0000e+00
    672.552    439.000     9.9724     9.8366   3.839344   3.844852     9.9208     9.7853    35.1360    35.3245 0.0000e+00
    674.765    440.000     9.8997     9.9636   3.838843   3.845550     9.8482     9.9118    35.2010    35.2075 0.0000e+00
    675.689    441.000     9.9660     9.8728   3.837605   3.844676     9.9142     9.8212    35.1235    35.2865 0.0000e+00
    676.576    442.000     9.9681     9.7841   3.836771   3.845183     9.9162     9.7326    35.1125    35.3779 0.0000e+00
    679.309    443.000     9.9077     9.9830   3.834884   3.842578     9.8558     9.9309    35.1513    35.1569 0.0000e+00
    681.454    444.000     9.8942     9.8204   3.834558   3.841316     9.8423     9.7686    35.1606    35.3018 0.0000e+00
    682.311    445.000     9.9239     9.7391   3.832963   3.840686     9.8717     9.6874    35.1151    35.3744 0.0000e+00
    684.173    446.000     9.8596     9.8330   3.832675   3.840915     9.8076     9.7810    35.1740    35.2844 0.0000e+00
    685.722    447.000     9.8260     9.8222   3.832309   3.840459     9.7739     9.7701    35.2025    35.2899 0.0000e+00
    688.313    448.000     9.8757     9.8450   4.048119   3.838240     9.8206     9.7927    37.3739    35.2444 0.0000e+00
    690.022    449.000     9.8676     9.6673   3.828011   3.834342     9.8152     9.6154    35.1171    35.3777 0.0000e+00
    690.562    450.000     9.8609     9.6492   3.826210   3.822947     9.8084     9.5973    35.1048    35.2776 0.0000e+00
    691.727    451.000     9.6825     9.6921   3.706215   3.816615     9.7385     9.6421    34.0464    35.1701 0.0000e+00
    693.247    452.000     9.8090     9.6626   3.821640   3.828506     9.7549     9.6103    35.1074    35.3208 0.0000e+00
    693.937    453.000     9.7883     9.6375   3.818492   3.818963     9.7357     9.5853    35.0948    35.2466 0.0000e+00
    697.240    454.000     9.7326     9.7930   3.816851   3.830504     9.6801     9.7401    35.1316    35.2130 0.0000e+00
    699.031    455.000     9.7546     9.8373   3.816034   3.829274     9.7018     9.7842    35.1014    35.1568 0.0000e+00
    700.304    456.000     9.7443     9.8449   3.815821   3.827140     9.6914     9.7917    35.1088    35.1271 0.0000e+00
    701.359    457.000     9.7518     9.8340   3.815641   3.826443     9.6988     9.7807    35.0992    35.1301 0.0000e+00
    702.503    458.000     9.7415     9.8293   3.814765   3.825750     9.6884     9.7760    35.0998    35.1271 0.0000e+00
    704.277    459.000     9.6910     9.8132   3.815359   3.824239     9.6379     9.7597    35.1545    35.1268 0.0000e+00
    706.233    460.000     9.6079     9.8023   3.816694   3.822339     9.5549     9.7488    35.2490    35.1174 0.0000e+00
    708.735    461.000     9.6999     9.7783   3.814755   3.820611     9.6466     9.7248    35.1388    35.1226 0.0000e+00
    712.090    462.000     9.6965     9.7307   3.813182   3.818596     9.6431     9.6771    35.1254    35.1478 0.0000e+00
    712.851    463.000     9.7134     9.5806   3.812638   3.819670     9.6599     9.5273    35.1029    35.3050 0.0000e+00
    713.550    464.000     9.7154     9.5510   3.811889   3.811710     9.6617     9.4978    35.0928    35.2514 0.0000e+00
    714.195    465.000     9.6999     9.5406   3.811141   3.805583     9.6461     9.4873    35.0998    35.1979 0.0000e+00
    714.885    466.000     9.6930     9.5260   3.810575   3.803216     9.6392     9.4727    35.1002    35.1873 0.0000e+00
    716.770    467.000     9.6643     9.5299   3.753088   3.813241     9.6109     9.4764    34.5370    35.2865 0.0000e+00
    718.264    468.000     9.5155     9.5096   3.742579   3.797671     9.5475     9.4586    34.5712    35.1451 0.0000e+00
    719.707    469.000     9.6197     9.5097   3.800060   3.810674     9.5658     9.4560    35.0620    35.2789 0.0000e+00
    720.342    470.000     9.6096     9.4953   3.800963   3.802682     9.5556     9.4416    35.0806    35.2099 0.0000e+00
    721.162    471.000     9.6007     9.4912   3.800830   3.799660     9.5466     9.4374    35.0874    35.1823 0.0000e+00
    722.311    472.000     9.5799     9.4986   3.800908   3.807168     9.5257     9.4446    35.1081    35.2522 0.0000e+00
    723.375    473.000     9.5549     9.4997   3.800709   3.807642     9.5007     9.4456    35.1300    35.2555 0.0000e+00
    726.367    474.000     9.5774     9.5471   3.799958   3.809454     9.5230     9.4927    35.0999    35.2274 0.0000e+00
    727.777    475.000     9.5817     9.4647   3.798652   3.802239     9.5272     9.4105    35.0817    35.2331 0.0000e+00
    728.516    476.000     9.5705     9.4510   3.797621   3.794485     9.5160     9.3968    35.0815    35.1658 0.0000e+00
    729.221    477.000     9.5617     9.4472   3.797166   3.799646     9.5070     9.3928    35.0850    35.2224 0.0000e+00
    729.348    478.000     9.5628     9.4500   3.797187   3.803037     9.5080     9.3954    35.0837    35.2544 0.0000e+00
    729.429    479.000     9.5650     9.4520   3.797316   3.803575     9.5101     9.3973    35.0824    35.2575 0.0000e+00
    729.480    480.000     9.5674     9.4535   3.797436   3.802329     9.5123     9.3988    35.0809    35.2426 0.0000e+00
    729.516    481.000     9.5691     9.4551   3.797582   3.797116     9.5139     9.4002    35.0803    35.1867 0.0000e+00
    729.543    482.000     9.5698     9.4567   3.797943   3.776326     9.5145     9.4018    35.0828    34.9698 0.0000e+00
 -9.990e-29    483.000 -9.990e-29 -9.990e-29 -9.990e-29 -9.990e-29 -9.990e-29 -9.990e-29 -9.990e-29 -9.990e-29 -9.990e-29
    729.583    484.000     9.5707     9.4594   3.799883   3.657633     9.5151     9.4053    35.1011    33.7433 0.0000e+00
 -9.990e-29    485.000 -9.990e-29 -9.990e-29 -9.990e-29 -9.990e-29 -9.990e-29 -9.990e-29 -9.990e-29 -9.990e-29 -9.990e-29
    729.625    486.000     9.5722     9.4626   3.810574   3.450714     9.5163     9.4096    35.2089    31.6233 0.0000e+00
 -9.990e-29    487.000 -9.990e-29 -9.990e-29 -9.990e-29 -9.990e-29 -9.990e-29 -9.990e-29 -9.990e-29 -9.990e-29 -9.990e-29
 -9.990e-29    488.000 -9.990e-29 -9.990e-29 -9.990e-29 -9.990e-29 -9.990e-29 -9.990e-29 -9.990e-29 -9.990e-29 -9.990e-29
    729.667    489.000     9.5810     9.4629   3.856757   3.407280     9.5244     9.4100    35.6755    31.1800 0.0000e+00
 -9.990e-29    490.000 -9.990e-29 -9.990e-29 -9.990e-29 -9.990e-29 -9.990e-29 -9.990e-29 -9.990e-29 -9.990e-29 -9.990e-29
 -9.990e-29    491.000 -9.990e-29 -9.990e-29 -9.990e-29 -9.990e-29 -9.990e-29 -9.990e-29 -9.990e-29 -9.990e-29 -9.990e-29
 -9.990e-29    492.000 -9.990e-29 -9.990e-29 -9.990e-29 -9.990e-29 -9.990e-29 -9.990e-29 -9.990e-29 -9.990e-29 -9.990e-29
    729.708    493.000     9.6387     9.4430   4.028760   3.592297     9.5802     9.3882    37.3972    33.0842 0.0000e+00
 -9.990e-29    494.000 -9.990e-29 -9.990e-29 -9.990e-29 -9.990e-29 -9.990e-29 -9.990e-29 -9.990e-29 -9.990e-29 -9.990e-29
 -9.990e-29    495.000 -9.990e-29 -9.990e-29 -9.990e-29 -9.990e-29 -9.990e-29 -9.990e-29 -9.990e-29 -9.990e-29 -9.990e-29
 -9.990e-29    496.000 -9.990e-29 -9.990e-29 -9.990e-29 -9.990e-29 -9.990e-29 -9.990e-29 -9.990e-29 -9.990e-29 -9.990e-29
 -9.990e-29    497.000 -9.990e-29 -9.990e-29 -9.990e-29 -9.990e-29 -9.990e-29 -9.990e-29 -9.990e-29 -9.990e-29 -9.990e-29
 -9.990e-29    498.000 -9.990e-29 -9.990e-29 -9.990e-29 -9.990e-29 -9.990e-29 -9.990e-29 -9.990e-29 -9.990e-29 -9.990e-29
    729.750    499.000     9.7207     9.3091   4.354093   3.756048     9.6588     9.2529    40.7058    34.8958 0.0000e+00
 -9.990e-29    500.000 -9.990e-29 -9.990e-29 -9.990e-29 -9.990e-29 -9.990e-29 -9.990e-29 -9.990e-29 -9.990e-29 -9.990e-29
 -9.990e-29    501.000 -9.990e-29 -9.990e-29 -9.990e-29 -9.990e-29 -9.990e-29 -9.990e-29 -9.990e-29 -9.990e-29 -9.990e-29
 -9.990e-29    502.000 -9.990e-29 -9.990e-29 -9.990e-29 -9.990e-29 -9.990e-29 -9.990e-29 -9.990e-29 -9.990e-29 -9.990e-29
 -9.990e-29    503.000 -9.990e-29 -9.990e-29 -9.990e-29 -9.990e-29 -9.990e-29 -9.990e-29 -9.990e-29 -9.990e-29 -9.990e-29
 -9.990e-29    504.000 -9.990e-29 -9.990e-29 -9.990e-29 -9.990e-29 -9.990e-29 -9.990e-29 -9.990e-29 -9.990e-29 -9.990e-29
 -9.990e-29    505.000 -9.990e-29 -9.990e-29 -9.990e-29 -9.990e-29 -9.990e-29 -9.990e-29 -9.990e-29 -9.990e-29 -9.990e-29
    729.792    506.000     9.5021     8.5448   4.209195   3.769290     9.4410     8.4899    39.4226    35.7887 0.0000e+00
 -9.990e-29    507.000 -9.990e-29 -9.990e-29 -9.990e-29 -9.990e-29 -9.990e-29 -9.990e-29 -9.990e-29 -9.990e-29 -9.990e-29
 -9.990e-29    508.000 -9.990e-29 -9.990e-29 -9.990e-29 -9.990e-29 -9.990e-29 -9.990e-29 -9.990e-29 -9.990e-29 -9.990e-29
 -9.990e-29    509.000 -9.990e-29 -9.990e-29 -9.990e-29 -9.990e-29 -9.990e-29 -9.990e-29 -9.990e-29 -9.990e-29 -9.990e-29
    729.875    510.000 -9.990e-29     7.8190 -9.990e-29 -9.990e-29 -9.990e-29     7.7944 -9.990e-29 -9.990e-29 0.0000e+00
