test_data/dPIRX003.cnv
* Sea-Bird SBE 9 Data File:
* FileName = D:\COMISSOES\PIRATA_BR_X\Bruto\PIRX003.dat
* Software Version Seasave Win32 V 5.37d
* Temperature SN = 1721
* Conductivity SN = 1499
* Number of Bytes Per Scan = 21
* Number of Voltage Words = 1
* Number of Scans Averaged by the Deck Unit = 1
** H40 
** NOc ANTARES 
** 196 
** PIRATA BR X 
**   003
**   12 40.46 N
**   038 00.11 W
**   02/04/2008 18:53
**   5480
** 09P46375-0881 
**   1T Felipe Garcez
# nquan = 11
# nvalues = 349                         
# units = specified
# name 0 = timeS: Time, Elapsed [seconds]
# name 1 = prDM: Pressure, Digiquartz [db]
# name 2 = t090C: Temperature [ITS-90, deg C]
# name 3 = t190C: Temperature, 2 [ITS-90, deg C]
# name 4 = c0S/m: Conductivity [S/m]
# name 5 = c1S/m: Conductivity, 2 [S/m]
# name 6 = potemp090C: Potential Temperature [ITS-90, deg C]
# name 7 = potemp190C: Potential Temperature, 2 [ITS-90, deg C]
# name 8 = sal00: Salinity [PSU]
# name 9 = sal11: Salinity, 2 [PSU]
# name 10 = flag:
# span 0 =    246.446,    729.875       
# span 1 =    162.000,    510.000       
# span 2 =     9.5021,    15.8635       
# span 3 =     7.8190,    15.7969       
# span 4 =   3.706215,   4.468541       
# span 5 =   3.407280,   4.497739       
# span 6 =     9.4410,    15.8372       
# span 7 =     7.7944,    15.7713       
# span 8 =    30.9703,    40.7058       
# span 9 =    31.1800,    36.0788       
# span 10 = 0.0000e+00, 0.0000e+00      
# interval = decibars: 1                
# start_time = Apr 02 2008 18:52:30
# bad_flag = -9.990e-29
*END*
[from data line 132]
    431.232    294.000    11.7180    11.7248   4.025066   4.027501    11.6799    11.6867    35.3841    35.4015 0.0000e+00
    432.196    295.000    11.7108    11.7170   4.024305   4.026663    11.6726    11.6788    35.3831    35.4002 0.0000e+00
    433.085    296.000    11.7050    11.7109   4.023663   4.026009    11.6667    11.6726    35.3818    35.3992 0.0000e+00
    435.870    297.000    11.6973    11.6971   4.022842   4.024501    11.6588    11.6587    35.3807    35.3971 0.0000e+00
    437.930    298.000    11.6835    11.6885   4.021343   4.023585    11.6450    11.6499    35.3786    35.3959 0.0000e+00
    439.979    299.000    11.6746    11.6745   4.020379   4.022010    11.6359    11.6358    35.3772    35.3933 0.0000e+00
    441.196    300.000    11.6344    11.6450   4.015975   4.018728    11.5957    11.6063    35.3717    35.3887 0.0000e+00
    442.749    301.000    11.6314    11.6301   4.015619   4.017136    11.5926    11.5913    35.3706    35.3868 0.0000e+00
    445.066    302.000    11.6130    11.6201   4.013610   4.015995    11.5742    11.5812    35.3678    35.3846 0.0000e+00
    445.886    303.000    11.5783    11.5879   4.009752   4.012343    11.5394    11.5490    35.3625    35.3788 0.0000e+00
    448.992    304.000    11.5822    11.5767   4.010123   4.011217    11.5432    11.5376    35.3619    35.3781 0.0000e+00
    451.494    305.000    11.5620    11.5641   4.007905   4.009813    11.5228    11.5249    35.3590    35.3757 0.0000e+00
    454.130    306.000    11.5203    11.5341   4.003385   4.006401    11.4811    11.4948    35.3537    35.3703 0.0000e+00
    454.856    307.000    11.4939    11.5019   4.000469   4.002953    11.4546    11.4626    35.3497    35.3665 0.0000e+00
    456.387    308.000    11.4947    11.4963   4.000552   4.002413    11.4553    11.4569    35.3493    35.3661 0.0000e+00
    458.665    309.000    11.4761    11.4830   3.998583   4.000988    11.4366    11.4435    35.3471    35.3643 0.0000e+00
    461.840    310.000    11.4606    11.4583   3.996908   3.998303    11.4210    11.4187    35.3449    35.3609 0.0000e+00
    463.478    311.000    11.4420    11.4493   3.994915   3.997331    11.4024    11.4096    35.3425    35.3594 0.0000e+00
    464.267    312.000    11.4228    11.4307   3.992779   3.995234    11.3830    11.3909    35.3393    35.3561 0.0000e+00
    465.405    313.000    11.3988    11.4027   3.990088   3.992142    11.3590    11.3628    35.3352    35.3517 0.0000e+00
    467.027    314.000    11.3654    11.3682   3.986367   3.988212    11.3256    11.3283    35.3297    35.3454 0.0000e+00
    469.794    315.000    11.3453    11.3451   3.984076   3.985742    11.3053    11.3052    35.3259    35.3425 0.0000e+00
    471.338    316.000    11.3146    11.3226   3.980770   3.983250    11.2746    11.2826    35.3219    35.3389 0.0000e+00
    472.236    317.000    11.3037    11.3096   3.979642   3.981919    11.2636    11.2695    35.3207    35.3377 0.0000e+00
    475.602    318.000    11.2934    11.2929   3.978514   3.980065    11.2532    11.2526    35.3190    35.3348 0.0000e+00
    477.222    319.000    11.2758    11.2810   3.976647   3.978790    11.2355    11.2407    35.3168    35.3331 0.0000e+00
    477.748    320.000    11.2524    11.2589   3.974106   3.976241    11.2120    11.2185    35.3135    35.3285 0.0000e+00
    480.721    321.000    11.2513    11.2494   3.973666   3.975288    11.2108    11.2089    35.3098    35.3277 0.0000e+00
    483.758    322.000    11.2242    11.2302   3.970826   3.973154    11.1837    11.1896    35.3070    35.3244 0.0000e+00
    484.841    323.000    11.2183    11.2243   3.970198   3.972510    11.1776    11.1835    35.3060    35.3233 0.0000e+00
    485.744    324.000    11.2125    11.2187   3.969576   3.971905    11.1717    11.1778    35.3050    35.3222 0.0000e+00
    486.554    325.000    11.2066    11.2118   3.968961   3.971155    11.1657    11.1709    35.3040    35.3209 0.0000e+00
    489.696    326.000    11.1970    11.1986   3.967888   3.969707    11.1560    11.1575    35.3021    35.3187 0.0000e+00
    493.401    327.000    11.1737    11.1819   3.965368   3.967847    11.1326    11.1407    35.2989    35.3158 0.0000e+00
    493.971    328.000    11.1597    11.1657   3.963861   3.966056    11.1185    11.1244    35.2969    35.3130 0.0000e+00
    494.584    329.000    11.1478    11.1528   3.962533   3.964683    11.1065    11.1115    35.2947    35.3112 0.0000e+00
    495.268    330.000    11.1333    11.1393   3.960943   3.963154    11.0919    11.0979    35.2922    35.3085 0.0000e+00
    496.264    331.000    11.1140    11.1198   3.958800   3.961008    11.0726    11.0783    35.2889    35.3054 0.0000e+00
    500.265    332.000    11.0779    11.0744   3.954677   3.955854    11.0364    11.0329    35.2820    35.2971 0.0000e+00
    502.233    333.000    11.0265    11.0354   3.949125   3.951450    10.9850    10.9939    35.2755    35.2901 0.0000e+00
    502.742    334.000    10.9851    10.9889   3.944568   3.946201    10.9436    10.9474    35.2692    35.2818 0.0000e+00
    503.321    335.000    10.9355    10.9446   3.938962   3.941365    10.8940    10.9031    35.2603    35.2756 0.0000e+00
    506.094    336.000    10.9661    10.9574   3.942206   3.942959    10.9244    10.9157    35.2630    35.2789 0.0000e+00
    508.706    337.000    10.9143    10.9202   3.936600   3.938856    10.8726    10.8785    35.2562    35.2731 0.0000e+00
    509.260    338.000    10.9096    10.9147   3.936096   3.938285    10.8677    10.8728    35.2552    35.2722 0.0000e+00
    510.004    339.000    10.9089    10.9136   3.936055   3.938213    10.8669    10.8716    35.2550    35.2721 0.0000e+00
    512.354    340.000    10.9084    10.9126   3.936037   3.938140    10.8663    10.8705    35.2549    35.2719 0.0000e+00
    515.199    341.000    10.9007    10.9036   3.935216   3.937179    10.8585    10.8613    35.2536    35.2705 0.0000e+00
    517.007    342.000    10.8974    10.9031   3.934924   3.937178    10.8551    10.8607    35.2534    35.2705 0.0000e+00
    517.915    343.000    10.8900    10.8960   3.934133   3.936382    10.8476    10.8536    35.2521    35.2689 0.0000e+00
    518.575    344.000    10.8838    10.8887   3.933444   3.935573    10.8412    10.8461    35.2508    35.2674 0.0000e+00
    519.188    345.000    10.8741    10.8767   3.932370   3.934208    10.8315    10.8341    35.2488    35.2648 0.0000e+00
    521.538    346.000    10.8753    10.8693   3.931983   3.934482    10.8326    10.8266    35.2434    35.2742 0.0000e+00
    523.592    347.000    10.8864    10.8529   3.934126   3.935575    10.8435    10.8101    35.2537    35.3004 0.0000e+00
    525.054    348.000    10.8891    10.8537   3.934393   3.935956    10.8460    10.8107    35.2534    35.3031 0.0000e+00
    528.339    349.000    10.8488    10.8742   3.935034   3.937072    10.8057    10.8311    35.2981    35.2940 0.0000e+00
    529.213    350.000    10.8925    10.8768   3.934858   3.937037    10.8492    10.8335    35.2539    35.2907 0.0000e+00
    530.101    351.000    10.8339    10.8291   3.934753   3.937151    10.7906    10.7858    35.3087    35.3374 0.0000e+00
    530.945    352.000    10.8571    10.7540   3.934850   3.937307    10.8136    10.7107    35.2869    35.4109 0.0000e+00
    533.064    353.000    10.8879    10.8721   3.934946   3.937373    10.8442    10.8284    35.2579    35.2973 0.0000e+00
    535.559    354.000    10.8911    10.8951   3.934798   3.937230    10.8473    10.8513    35.2528    35.2733 0.0000e+00
    537.779    355.000    10.7722    10.8965   3.934834   3.936989    10.7285    10.8525    35.3672    35.2692 0.0000e+00
    538.886    356.000    10.8532    10.8862   3.934078   3.936417    10.8093    10.8422    35.2811    35.2728 0.0000e+00
    539.945    357.000    10.7605    10.8898   3.934382   3.935329    10.7166    10.8456    35.3730    35.2581 0.0000e+00
    541.115    358.000    10.7430    10.8881   3.934576   3.934309    10.6990    10.8438    35.3914    35.2490 0.0000e+00
    543.051    359.000    10.7867    10.8698   3.934531   3.932830    10.7424    10.8254    35.3484    35.2514 0.0000e+00
    545.914    360.000    10.7279    10.8601   3.934472   3.931366    10.6837    10.8156    35.4040    35.2456 0.0000e+00
    546.821    361.000    10.8389    10.7540   3.933988   3.932076    10.7944    10.7096    35.2917    35.3543 0.0000e+00
    549.336    362.000    10.8818    10.7572   3.932662   3.928327    10.8371    10.7132    35.2368    35.3132 0.0000e+00
    552.103    363.000    10.8468    10.6435   3.927703   3.923120    10.8020    10.5991    35.2203    35.3701 0.0000e+00
    552.634    364.000    10.8289    10.6382   3.926304   3.917684    10.7840    10.5938    35.2231    35.3200 0.0000e+00
    553.149    365.000    10.8166    10.6350   3.925498   3.914296    10.7716    10.5905    35.2263    35.2885 0.0000e+00
    555.410    366.000    10.7784    10.6975   3.921199   3.922640    10.7334    10.6533    35.2194    35.3118 0.0000e+00
    557.947    367.000    10.7417    10.6154   3.918423   3.921685    10.6967    10.5706    35.2264    35.3810 0.0000e+00
    558.579    368.000    10.7507    10.5862   3.917359   3.911595    10.7055    10.5414    35.2066    35.3071 0.0000e+00
    560.183    369.000    10.7258    10.6240   3.915700   3.914110    10.6806    10.5789    35.2134    35.2955 0.0000e+00
    562.419    370.000    10.7105    10.5599   3.913275   3.919164    10.6651    10.5148    35.2034    35.4080 0.0000e+00
    563.089    371.000    10.6989    10.5020   3.911824   3.907339    10.6535    10.4570    35.1995    35.3442 0.0000e+00
    563.777    372.000    10.6820    10.4756   3.911206   3.901365    10.6365    10.4306    35.2091    35.3090 0.0000e+00
    564.706    373.000    10.6794    10.4771   3.911273   3.909059    10.6338    10.4319    35.2118    35.3848 0.0000e+00
    566.721    374.000    10.5195    10.4724   3.913053   3.913437    10.4741    10.4271    35.3836    35.4332 0.0000e+00
    569.084    375.000    10.4453    10.5302   3.913852   3.914229    10.4000    10.4846    35.4632    35.3847 0.0000e+00
    571.302    376.000    10.6054    10.6633   3.911980   3.917403    10.5596    10.6174    35.2888    35.2876 0.0000e+00
    573.461    377.000    10.6541    10.5583   3.910404   3.917186    10.6081    10.5124    35.2256    35.3864 0.0000e+00
    574.054    378.000    10.6708    10.3949   3.909107   3.912391    10.6246    10.3493    35.1961    35.4962 0.0000e+00
    574.708    379.000    10.6526    10.4017   3.908267   3.898561    10.6063    10.3561    35.2047    35.3490 0.0000e+00
    576.771    380.000    10.6139    10.4855   3.907312   3.907513    10.5676    10.4395    35.2318    35.3579 0.0000e+00
    579.830    381.000    10.5437    10.6265   3.905077   3.915115    10.4974    10.5800    35.2766    35.2979 0.0000e+00
    580.783    382.000    10.5940    10.5451   3.904230   3.914357    10.5475    10.4986    35.2191    35.3684 0.0000e+00
    581.766    383.000    10.6241    10.6098   3.903228   3.913820    10.5774    10.5631    35.1796    35.3000 0.0000e+00
    582.623    384.000    10.6033    10.5151   3.902134   3.912339    10.5565    10.4685    35.1881    35.3762 0.0000e+00
    584.487    385.000    10.5682    10.4774   3.898463   3.908828    10.5214    10.4308    35.1845    35.3768 0.0000e+00
    586.658    386.000    10.5352    10.2651   3.894004   3.900777    10.4884    10.2189    35.1708    35.5012 0.0000e+00
    587.185    387.000    10.4789    10.2560   3.892766   3.890307    10.4321    10.2097    35.2121    35.4032 0.0000e+00
    587.728    388.000    10.4257    10.2527   3.892619   3.886399    10.3789    10.2063    35.2616    35.3663 0.0000e+00
    588.393    389.000    10.4935    10.2480   3.892313   3.885148    10.4464    10.2015    35.1926    35.3576 0.0000e+00
    590.807    390.000    10.4513    10.3234   3.890399   3.897281    10.4042    10.2766    35.2135    35.4071 0.0000e+00
    593.514    391.000    10.4586    10.4908   3.890607   3.901109    10.4113    10.4434    35.2082    35.2832 0.0000e+00
    594.913    392.000    10.4345    10.5301   3.889329   3.900343    10.3872    10.4825    35.2180    35.2370 0.0000e+00
    596.633    393.000    10.4313    10.5275   3.887884   3.896810    10.3839    10.4799    35.2061    35.2034 0.0000e+00
    599.629    394.000    10.3617    10.4781   3.886056   3.889822    10.3143    10.4304    35.2544    35.1801 0.0000e+00
    600.399    395.000    10.3610    10.3520   3.885630   3.891509    10.3135    10.3045    35.2503    35.3185 0.0000e+00
    601.126    396.000    10.4420    10.2787   3.884363   3.890372    10.3942    10.2313    35.1588    35.3777 0.0000e+00
    601.813    397.000    10.4225    10.2742   3.882068   3.882507    10.3747    10.2267    35.1539    35.3018 0.0000e+00
    603.275    398.000    10.3941    10.2981   3.880318   3.885615    10.3462    10.2504    35.1631    35.3097 0.0000e+00
    605.866    399.000    10.3576    10.4176   3.879318   3.888860    10.3097    10.3695    35.1878    35.2264 0.0000e+00
    608.327    400.000    10.3728    10.3448   3.878027   3.885530    10.3247    10.2968    35.1597    35.2626 0.0000e+00
    609.648    401.000    10.3423    10.2212   3.875465   3.881335    10.2942    10.1734    35.1627    35.3395 0.0000e+00
    610.039    402.000    10.3300    10.2237   3.875484   3.878010    10.2818    10.1758    35.1743    35.3028 0.0000e+00
    610.510    403.000    10.3280    10.2222   3.875295   3.876928    10.2796    10.1741    35.1739    35.2929 0.0000e+00
    612.991    404.000    10.3174    10.3072   3.873990   3.880562    10.2690    10.2587    35.1704    35.2469 0.0000e+00
    617.919    405.000    10.2188    10.3556   3.875326   3.878101    10.1705    10.3069    35.2790    35.1748 0.0000e+00
    618.749    406.000    10.2493    10.3183   3.874710   3.877694    10.2008    10.2697    35.2427    35.2061 0.0000e+00
    619.582    407.000    10.3091    10.2432   3.873682   3.878768    10.2603    10.1946    35.1740    35.2893 0.0000e+00
    620.464    408.000    10.3144    10.2064   3.873335   3.879386    10.2655    10.1578    35.1649    35.3309 0.0000e+00
    622.858    409.000    10.2779    10.3324   3.872873   3.876542    10.2290    10.2833    35.1950    35.1796 0.0000e+00
    624.519    410.000    10.2851    10.2663   3.872569   3.875751    10.2360    10.2172    35.1845    35.2350 0.0000e+00
    627.041    411.000    10.2703    10.2891   3.871882   3.874908    10.2212    10.2400    35.1914    35.2039 0.0000e+00
    629.540    412.000    10.2848    10.1874   3.871109   3.875002    10.2356    10.1383    35.1690    35.3030 0.0000e+00
    630.164    413.000    10.2776    10.1505   3.870227   3.871126    10.2282    10.1014    35.1666    35.2989 0.0000e+00
    632.499    414.000    10.2409    10.2196   3.868587   3.871720    10.1915    10.1702    35.1851    35.2375 0.0000e+00
    634.672    415.000    10.2539    10.1627   3.867315   3.872526    10.2044    10.1134    35.1591    35.3004 0.0000e+00
    635.257    416.000    10.2414    10.0947   3.866295   3.865181    10.1917    10.0454    35.1604    35.2912 0.0000e+00
    635.874    417.000    10.2313    10.0664   3.865566   3.858660    10.1816    10.0171    35.1623    35.2519 0.0000e+00
    636.625    418.000    10.2254    10.0586   3.865417   3.860091    10.1756    10.0092    35.1660    35.2735 0.0000e+00
    639.294    419.000    10.1848    10.0361   3.860021   3.867393    10.1349     9.9866    35.1500    35.3695 0.0000e+00
    640.112    420.000    10.1603    10.0079   3.858526   3.860992    10.1105     9.9584    35.1580    35.3312 0.0000e+00
    641.951    421.000    10.1296    10.1024   3.858033   3.864933    10.0797    10.0525    35.1823    35.2790 0.0000e+00
    644.740    422.000    10.1292    10.2111   3.856866   3.867476    10.0792    10.1608    35.1704    35.1990 0.0000e+00
    646.136    423.000    10.1573    10.2161   3.856711   3.864847    10.1071    10.1656    35.1412    35.1670 0.0000e+00
