test_data/dPIRX003.cnv
* Sea-Bird SBE 9 Data File:
* FileName = D:\COMISSOES\PIRATA_BR_X\Bruto\PIRX003.dat
* Software Version Seasave Win32 V 5.37d
* Temperature SN = 1721
* Conductivity SN = 1499
* Number of Bytes Per Scan = 21
* Number of Voltage Words = 1
* Number of Scans Averaged by the Deck Unit = 1
** H40 
** NOc ANTARES 
** 196 
** PIRATA BR X 
**   003
**   12 40.46 N
**   038 00.11 W
**   02/04/2008 18:53
**   5480
** 09P46375-0881 
**   1T Felipe Garcez
# nquan = 11
# nvalues = 349                         
# units = specified
# name 0 = timeS: Time, Elapsed [seconds]
# name 1 = prDM: Pressure, Digiquartz [db]
# name 2 = t090C: Temperature [ITS-90, deg C]
# name 3 = t190C: Temperature, 2 [ITS-90, deg C]
# name 4 = c0S/m: Conductivity [S/m]
# name 5 = c1S/m: Conductivity, 2 [S/m]
# name 6 = potemp090C: Potential Temperature [ITS-90, deg C]
# name 7 = potemp190C: Potential Temperature, 2 [ITS-90, deg C]
# name 8 = sal00: Salinity [PSU]
# name 9 = sal11: Salinity, 2 [PSU]
# name 10 = flag:
# span 0 =    246.446,    729.875       
# span 1 =    162.000,    510.000       
# span 2 =     9.5021,    15.8635       
# span 3 =     7.8190,    15.7969       
# span 4 =   3.706215,   4.468541       
# span 5 =   3.407280,   4.497739       
# span 6 =     9.4410,    15.8372       
# span 7 =     7.7944,    15.7713       
# span 8 =    30.9703,    40.7058       
# span 9 =    31.1800,    36.0788       
# span 10 = 0.0000e+00, 0.0000e+00      
# interval = decibars: 1                
# start_time = Apr 02 2008 18:52:30
# bad_flag = -9.990e-29
*END*
    246.446    162.000    15.8635    15.7969   4.468541   4.497739    15.8372    15.7713    35.7561    36.0788 0.0000e+00
    249.417    163.000    15.4798    15.5144   4.459094   4.460689    15.4545    15.4889    36.0197    36.0024 0.0000e+00
    250.462    164.000    15.3983    15.4179   4.444983   4.448821    15.3729    15.3924    35.9660    35.9829 0.0000e+00
    251.428    165.000    15.2930    15.3232   4.432046   4.436992    15.2675    15.2977    35.9446    35.9618 0.0000e+00
    252.285    166.000    15.1721    15.1983   4.417620   4.422013    15.1466    15.1728    35.9237    35.9397 0.0000e+00
    253.022    167.000    15.0904    15.1154   4.407860   4.411947    15.0648    15.0898    35.9093    35.9236 0.0000e+00
    253.726    168.000    15.0685    15.0760   4.405100   4.407495    15.0429    15.0503    35.9038    35.9188 0.0000e+00
    255.698    169.000    15.0887    15.0842   4.407459   4.408533    15.0629    15.0583    35.9063    35.9203 0.0000e+00
    258.485    170.000    15.0373    15.0535   4.401361   4.404800    15.0113    15.0275    35.8975    35.9141 0.0000e+00
    259.273    171.000    15.0092    15.0212   4.397880   4.400808    14.9831    14.9951    35.8911    35.9068 0.0000e+00
    260.214    172.000    14.9356    14.9611   4.388741   4.393652    14.9094    14.9349    35.8747    35.8962 0.0000e+00
    262.705    173.000    14.8848    14.8273   4.382917   4.377620    14.8586    14.8012    35.8676    35.8719 0.0000e+00
    264.002    174.000    14.7707    14.7881   4.369491   4.372802    14.7444    14.7618    35.8491    35.8634 0.0000e+00
    264.511    175.000    14.7372    14.7453   4.365445   4.367788    14.7109    14.7190    35.8422    35.8563 0.0000e+00
    265.043    176.000    14.7144    14.7223   4.362862   4.365243    14.6880    14.6958    35.8391    35.8537 0.0000e+00
    266.102    177.000    14.7371    14.7371   4.365340   4.367198    14.7104    14.7104    35.8406    35.8577 0.0000e+00
    266.628    178.000    14.7380    14.7438   4.365672   4.367778    14.7112    14.7170    35.8423    35.8564 0.0000e+00
    266.724    179.000    14.7466    14.7413   4.371230   4.367574    14.7197    14.7143    35.8851    35.8565 0.0000e+00
    266.773    180.000    14.7556    14.7404   4.384566   4.367448    14.7285    14.7133    35.9991    35.8557 0.0000e+00
 -9.990e-29    181.000 -9.990e-29 -9.990e-29 -9.990e-29 -9.990e-29 -9.990e-29 -9.990e-29 -9.990e-29 -9.990e-29 -9.990e-29
    273.789    182.000    14.4716    14.4535   4.333964   4.334098    14.4446    14.4265    35.7940    35.8120 0.0000e+00
    275.955    183.000    14.3595    14.3612   4.321465   4.323177    14.3325    14.3341    35.7815    35.7958 0.0000e+00
    279.089    184.000    14.2909    14.2561   4.313241   4.310931    14.2638    14.2290    35.7683    35.7790 0.0000e+00
    282.054    185.000    14.2038    14.2155   4.303182   4.306087    14.1766    14.1883    35.7551    35.7712 0.0000e+00
    282.734    186.000    14.2014    14.2098   4.302933   4.305508    14.1741    14.1825    35.7545    35.7707 0.0000e+00
    283.285    187.000    14.1826    14.1897   4.300851   4.303106    14.1551    14.1622    35.7522    35.7666 0.0000e+00
    283.775    188.000    14.1519    14.1472   4.297400   4.298174    14.1244    14.1197    35.7480    35.7596 0.0000e+00
    284.306    189.000    14.1061    14.1107   4.292470   4.294425    14.0785    14.0830    35.7442    35.7581 0.0000e+00
    286.510    190.000    14.1113    14.1068   4.292880   4.294057    14.0835    14.0790    35.7427    35.7579 0.0000e+00
    288.259    191.000    13.9994    14.0247   4.280622   4.284533    13.9716    13.9969    35.7318    35.7448 0.0000e+00
    288.793    192.000    13.9268    13.9437   4.272192   4.275329    13.8990    13.9158    35.7200    35.7337 0.0000e+00
    289.467    193.000    13.9169    13.9244   4.270872   4.273338    13.8890    13.8964    35.7164    35.7325 0.0000e+00
    292.296    194.000    13.9426    13.9359   4.273882   4.274750    13.9145    13.9077    35.7203    35.7346 0.0000e+00
    293.165    195.000    13.8884    13.8993   4.267810   4.270538    13.8602    13.8711    35.7134    35.7287 0.0000e+00
    293.613    196.000    13.8813    13.8854   4.266973   4.269083    13.8529    13.8571    35.7117    35.7276 0.0000e+00
    294.329    197.000    13.8767    13.8824   4.266507   4.268813    13.8483    13.8539    35.7112    35.7275 0.0000e+00
    296.998    198.000    13.8763    13.8810   4.266571   4.268693    13.8477    13.8523    35.7118    35.7273 0.0000e+00
    297.528    199.000    13.8266    13.8377   4.261124   4.263884    13.7979    13.8090    35.7065    35.7221 0.0000e+00
    298.053    200.000    13.8133    13.8221   4.259573   4.262156    13.7845    13.7933    35.7039    35.7199 0.0000e+00
    298.601    201.000    13.8016    13.8120   4.258263   4.261019    13.7727    13.7830    35.7020    35.7182 0.0000e+00
    299.366    202.000    13.7908    13.7980   4.257037   4.259503    13.7617    13.7689    35.7002    35.7167 0.0000e+00
    301.481    203.000    13.8016    13.7964   4.258281   4.259434    13.7723    13.7672    35.7014    35.7170 0.0000e+00
    303.446    204.000    13.7792    13.7892   4.256042   4.258780    13.7499    13.7598    35.7008    35.7172 0.0000e+00
    304.378    205.000    13.7560    13.7660   4.253509   4.256234    13.7266    13.7365    35.6982    35.7145 0.0000e+00
    305.467    206.000    13.7492    13.7560   4.252755   4.255204    13.7196    13.7264    35.6971    35.7137 0.0000e+00
    307.092    207.000    13.7339    13.7423   4.251023   4.253653    13.7042    13.7126    35.6946    35.7115 0.0000e+00
    308.184    208.000    13.6707    13.6852   4.243835   4.247028    13.6409    13.6554    35.6855    35.7020 0.0000e+00
    308.845    209.000    13.6328    13.6436   4.239485   4.242053    13.6029    13.6137    35.6794    35.6935 0.0000e+00
    309.391    210.000    13.5703    13.5713   4.232257   4.233272    13.5403    13.5413    35.6692    35.6778 0.0000e+00
    309.872    211.000    13.4789    13.4742   4.221553   4.221880    13.4490    13.4442    35.6530    35.6605 0.0000e+00
    310.354    212.000    13.3599    13.3550   4.207714   4.207798    13.3300    13.3251    35.6328    35.6382 0.0000e+00
    311.071    213.000    13.3482    13.3465   4.205659   4.207171    13.3182    13.3165    35.6238    35.6398 0.0000e+00
    311.944    214.000    13.5401    13.5069   4.227251   4.226780    13.5096    13.4765    35.6484    35.6750 0.0000e+00
    312.016    215.000    13.4947    13.4779   4.210002   4.222489    13.4643    13.4474    35.5274    35.6611 0.0000e+00
    312.089    216.000    13.4828    13.4606   4.074013   4.220255    13.4526    13.4300    34.2571    35.6557 0.0000e+00
    312.135    217.000    13.4936    13.4464   3.761122   4.218952    13.4640    13.4157    31.3278    35.6562 0.0000e+00
    312.169    218.000    13.4561    13.4318   3.719279   4.217446    13.4265    13.4010    30.9703    35.6552 0.0000e+00
    321.574    219.000    13.1817    13.1955   4.205018   4.189937    13.1510    13.1649    35.7715    35.6149 0.0000e+00
    322.197    220.000    13.1564    13.1672   4.184411   4.186735    13.1257    13.1365    35.5986    35.6106 0.0000e+00
    322.784    221.000    13.1393    13.1469   4.182183   4.184614    13.1085    13.1160    35.5930    35.6090 0.0000e+00
    323.404    222.000    13.1297    13.1358   4.181260   4.183595    13.0988    13.1048    35.5928    35.6093 0.0000e+00
    324.176    223.000    13.1238    13.1279   4.180707   4.182785    13.0928    13.0968    35.5926    35.6086 0.0000e+00
    325.945    224.000    13.0975    13.0894   4.177743   4.178447    13.0663    13.0583    35.5886    35.6028 0.0000e+00
    327.761    225.000    13.0396    13.0521   4.171204   4.174221    13.0084    13.0208    35.5801    35.5972 0.0000e+00
    328.587    226.000    13.0209    13.0301   4.169164   4.171789    12.9896    12.9988    35.5777    35.5941 0.0000e+00
    329.330    227.000    13.0194    13.0260   4.169312   4.171729    12.9880    12.9945    35.5801    35.5971 0.0000e+00
    330.165    228.000    13.0063    13.0128   4.168058   4.170420    12.9747    12.9812    35.5801    35.5965 0.0000e+00
    331.157    229.000    12.9788    12.9857   4.164883   4.167364    12.9471    12.9540    35.5751    35.5924 0.0000e+00
    332.181    230.000    12.9579    12.9643   4.162556   4.164980    12.9262    12.9325    35.5720    35.5892 0.0000e+00
    333.473    231.000    12.9508    12.9553   4.161812   4.163989    12.9189    12.9233    35.5712    35.5878 0.0000e+00
    335.351    232.000    12.9425    12.9487   4.160975   4.163320    12.9105    12.9167    35.5705    35.5871 0.0000e+00
    336.654    233.000    12.9393    12.9457   4.160655   4.163075    12.9072    12.9135    35.5700    35.5872 0.0000e+00
    337.550    234.000    12.9387    12.9444   4.160665   4.162998    12.9064    12.9121    35.5703    35.5872 0.0000e+00
    338.353    235.000    12.9374    12.9431   4.160587   4.162908    12.9049    12.9106    35.5704    35.5872 0.0000e+00
    339.044    236.000    12.9367    12.9424   4.160564   4.162883    12.9042    12.9098    35.5703    35.5872 0.0000e+00
    339.642    237.000    12.9331    12.9381   4.160226   4.162444    12.9004    12.9053    35.5701    35.5866 0.0000e+00
    340.214    238.000    12.9166    12.9250   4.158451   4.160977    12.8837    12.8921    35.5682    35.5845 0.0000e+00
    340.843    239.000    12.9000    12.9073   4.156624   4.159003    12.8670    12.8744    35.5659    35.5817 0.0000e+00
    343.459    240.000    12.8976    12.8984   4.156553   4.158067    12.8645    12.8654    35.5670    35.5807 0.0000e+00
    345.912    241.000    12.8363    12.8488   4.149453   4.152433    12.8032    12.8157    35.5562    35.5730 0.0000e+00
    346.547    242.000    12.8075    12.8160   4.146282   4.148727    12.7743    12.7828    35.5524    35.5679 0.0000e+00
    348.030    243.000    12.8115    12.8073   4.146643   4.147817    12.7781    12.7740    35.5517    35.5669 0.0000e+00
    349.807    244.000    12.7228    12.7409   4.136711   4.140146    12.6895    12.7076    35.5394    35.5554 0.0000e+00
    350.316    245.000    12.7094    12.7168   4.135169   4.137548    12.6759    12.6833    35.5368    35.5527 0.0000e+00
    350.781    246.000    12.7045    12.7102   4.134591   4.136898    12.6709    12.6766    35.5354    35.5522 0.0000e+00
    351.212    247.000    12.6985    12.7038   4.133979   4.136160    12.6648    12.6701    35.5348    35.5507 0.0000e+00
    351.638    248.000    12.6739    12.6798   4.131289   4.133346    12.6401    12.6460    35.5316    35.5458 0.0000e+00
    353.389    249.000    12.6592    12.6586   4.129123   4.130970    12.6253    12.6247    35.5242    35.5425 0.0000e+00
    355.762    250.000    12.6031    12.5993   4.123222   4.124245    12.5692    12.5653    35.5198    35.5333 0.0000e+00
    356.365    251.000    12.5628    12.5743   4.118602   4.121418    12.5288    12.5403    35.5129    35.5291 0.0000e+00
    357.089    252.000    12.5386    12.5491   4.115785   4.118636    12.5045    12.5150    35.5081    35.5256 0.0000e+00
    358.033    253.000    12.5100    12.5216   4.112710   4.115592    12.4759    12.4874    35.5049    35.5218 0.0000e+00
    359.005    254.000    12.4576    12.4679   4.106712   4.109346    12.4234    12.4336    35.4960    35.5118 0.0000e+00
    359.841    255.000    12.4015    12.4118   4.100330   4.103033    12.3673    12.3775    35.4869    35.5033 0.0000e+00
    362.020    256.000    12.3949    12.3948   4.099585   4.101214    12.3606    12.3604    35.4854    35.5014 0.0000e+00
    365.310    257.000    12.3568    12.3679   4.095338   4.098199    12.3223    12.3335    35.4799    35.4971 0.0000e+00
    366.432    258.000    12.3369    12.3464   4.093161   4.095850    12.3024    12.3118    35.4772    35.4943 0.0000e+00
    368.387    259.000    12.3269    12.3295   4.092065   4.093995    12.2923    12.2948    35.4756    35.4919 0.0000e+00
    372.455    260.000    12.3048    12.3081   4.089665   4.091717    12.2701    12.2734    35.4728    35.4896 0.0000e+00
    373.945    261.000    12.2835    12.2923   4.087368   4.089924    12.2487    12.2574    35.4702    35.4867 0.0000e+00
    374.661    262.000    12.2682    12.2743   4.085701   4.087977    12.2333    12.2394    35.4681    35.4844 0.0000e+00
    377.078    263.000    12.2664    12.2664   4.085496   4.087189    12.2313    12.2314    35.4674    35.4838 0.0000e+00
    380.647    264.000    12.2462    12.2528   4.083302   4.085707    12.2111    12.2176    35.4647    35.4819 0.0000e+00
    381.883    265.000    12.2124    12.2192   4.079550   4.081946    12.1772    12.1839    35.4599    35.4767 0.0000e+00
    383.133    266.000    12.1935    12.1964   4.077433   4.079471    12.1582    12.1611    35.4567    35.4738 0.0000e+00
    385.350    267.000    12.1802    12.1798   4.075993   4.077599    12.1448    12.1444    35.4549    35.4709 0.0000e+00
    386.325    268.000    12.1551    12.1633   4.073248   4.075789    12.1196    12.1278    35.4515    35.4685 0.0000e+00
    387.219    269.000    12.1490    12.1549   4.072624   4.074935    12.1134    12.1192    35.4508    35.4677 0.0000e+00
    390.929    270.000    12.1522    12.1528   4.072967   4.074731    12.1164    12.1170    35.4507    35.4673 0.0000e+00
    392.698    271.000    12.1326    12.1423   4.070921   4.073548    12.0967    12.1063    35.4489    35.4653 0.0000e+00
    393.378    272.000    12.1143    12.1207   4.068822   4.071165    12.0783    12.0847    35.4454    35.4621 0.0000e+00
    394.730    273.000    12.1045    12.1010   4.067697   4.068946    12.0684    12.0649    35.4433    35.4587 0.0000e+00
    397.040    274.000    12.0709    12.0783   4.063895   4.066293    12.0348    12.0421    35.4376    35.4540 0.0000e+00
    398.266    275.000    12.0304    12.0350   4.059481   4.061568    11.9942    11.9987    35.4325    35.4486 0.0000e+00
    400.135    276.000    12.0073    12.0107   4.056909   4.058885    11.9710    11.9743    35.4289    35.4450 0.0000e+00
    401.153    277.000    11.9662    11.9794   4.052341   4.055341    11.9299    11.9430    35.4228    35.4396 0.0000e+00
    404.205    278.000    11.9583    11.9483   4.051474   4.052064    11.9219    11.9118    35.4214    35.4368 0.0000e+00
    405.840    279.000    11.9319    11.9369   4.048584   4.050806    11.8953    11.9003    35.4179    35.4348 0.0000e+00
    406.775    280.000    11.9311    11.9363   4.048533   4.050802    11.8944    11.8996    35.4177    35.4349 0.0000e+00
    408.006    281.000    11.9236    11.9287   4.047768   4.050013    11.8868    11.8919    35.4168    35.4340 0.0000e+00
    410.510    282.000    11.9079    11.9064   4.045995   4.047502    11.8710    11.8695    35.4140    35.4302 0.0000e+00
    412.000    283.000    11.8802    11.8879   4.042941   4.045408    11.8432    11.8510    35.4100    35.4268 0.0000e+00
    412.690    284.000    11.8605    11.8675   4.040840   4.043169    11.8235    11.8304    35.4076    35.4239 0.0000e+00
    414.928    285.000    11.8455    11.8435   4.039124   4.040555    11.8083    11.8063    35.4047    35.4207 0.0000e+00
    417.993    286.000    11.8126    11.8204   4.035450   4.037985    11.7753    11.7831    35.3996    35.4170 0.0000e+00
    418.668    287.000    11.8069    11.8118   4.034851   4.037028    11.7696    11.7744    35.3986    35.4154 0.0000e+00
    419.506    288.000    11.7914    11.7954   4.033103   4.035220    11.7540    11.7580    35.3958    35.4127 0.0000e+00
    422.518    289.000    11.7735    11.7714   4.031106   4.032478    11.7360    11.7338    35.3928    35.4083 0.0000e+00
    424.842    290.000    11.7258    11.7342   4.025699   4.028317    11.6882    11.6966    35.3847    35.4024 0.0000e+00
    425.676    291.000    11.7222    11.7284   4.025333   4.027678    11.6845    11.6907    35.3841    35.4011 0.0000e+00
    426.495    292.000    11.7227    11.7278   4.025438   4.027689    11.6848    11.6900    35.3842    35.4014 0.0000e+00
