sampledata/TSG/TSG_PIR_010.cnv
* Sea-Bird SBE 21 Data File:
* FileName = D:\COMISSÕES\2011\PIRATA BR XIII\FORTAL X FORTAL\PIR_010\PIR_010.hex
* Software Version Seasave Win32 V 5.39c
* Temperature SN = 3311
* Conductivity SN = 3311
* System UpLoad Time = Aug 24 2011 17:40:29
* NMEA Latitude = 00 51.788 S
* NMEA Longitude = 038  0.000 W
* NMEA UTC (Time) = Aug 24 2011  17:40:50
** H-40
** NOc ANTARES
** PIRATA BR XIII
** PIR
** DDHHMM/MMM/AA 241740/AGO/11
** 3311
** ANOTADOR 3ºSG HN HERCULIS
# nquan = 7
# nvalues = 602                                   
# units = specified
# name 0 = timeJ: Julian Days
# name 1 = latitude: Latitude [deg]
# name 2 = longitude: Longitude [deg]
# name 3 = t090C: Temperature [ITS-90, deg C]
# name 4 = c0S/m: Conductivity [S/m]
# name 5 = prM: Pressure [db]
# name 6 = flag:  0.000e+00
# span 0 = 236.736690, 236.771470                 
# span 1 =   -0.86300,   -0.73900                 
# span 2 =  -38.00132,  -37.99950                 
# span 3 =    27.0420,    27.1910                 
# span 4 =   4.309305,   5.716211                 
# span 5 =      0.000,      0.000                 
# span 6 = 0.0000e+00, 0.0000e+00                 
# interval = seconds: 5
# start_time = Aug 24 2011 17:40:50
# bad_flag = -9.990e-29
*END*
 236.736690   -0.86300  -38.00000    27.1352   5.710002      0.000  0.000e+00
 236.736748   -0.86282  -38.00000    27.1277   5.708550      0.000  0.000e+00
 236.736806   -0.86250  -38.00000    27.1257   5.709171      0.000  0.000e+00
 236.736863   -0.86232  -38.00000    27.1257   5.710002      0.000  0.000e+00
 236.736921   -0.86216  -38.00000    27.1257   5.709692      0.000  0.000e+00
 236.736979   -0.86190  -37.99992    27.1250   5.710002      0.000  0.000e+00
 236.737037   -0.86170  -37.99992    27.1250   5.709485      0.000  0.000e+00
 236.737095   -0.86152  -37.99990    27.1209   5.174091      0.000  0.000e+00
 236.737153   -0.86130  -37.99988    27.1304   5.694369      0.000  0.000e+00
 236.737211   -0.86116  -37.99982    27.1338   5.692300      0.000  0.000e+00
 236.737269   -0.86100  -37.99982    27.1345   5.675633      0.000  0.000e+00
 236.737326   -0.86066  -37.99984    27.1345   5.697682      0.000  0.000e+00
 236.737384   -0.86046  -37.99982    27.1345   5.684434      0.000  0.000e+00
 236.737442   -0.86024  -37.99980    27.1338   5.671806      0.000  0.000e+00
 236.737500   -0.86002  -37.99980    27.1352   5.666731      0.000  0.000e+00
 236.737558   -0.85982  -37.99982    27.1366   5.417478      0.000  0.000e+00
 236.737616   -0.85960  -37.99978    27.1379   5.688575      0.000  0.000e+00
 236.737674   -0.85950  -37.99982    27.1386   5.688575      0.000  0.000e+00
 236.737731   -0.85918  -37.99976    27.1399   5.694059      0.000  0.000e+00
 236.737789   -0.85890  -37.99976    27.1420   5.668491      0.000  0.000e+00
 236.737847   -0.85874  -37.99976    27.1427   5.673253      0.000  0.000e+00
 236.737905   -0.85848  -37.99974    27.1433   5.699133      0.000  0.000e+00
 236.737963   -0.85830  -37.99972    27.1440   5.708860      0.000  0.000e+00
 236.738021   -0.85816  -37.99966    27.1433   5.710519      0.000  0.000e+00
 236.738079   -0.85800  -37.99966    27.1440   5.710933      0.000  0.000e+00
 236.738137   -0.85766  -37.99966    27.1440   5.711036      0.000  0.000e+00
 236.738194   -0.85750  -37.99966    27.1407   5.579490      0.000  0.000e+00
 236.738252   -0.85732  -37.99966    27.1372   4.506505      0.000  0.000e+00
 236.738310   -0.85702  -37.99966    27.1386   5.669217      0.000  0.000e+00
 236.738368   -0.85682  -37.99966    27.1393   4.767296      0.000  0.000e+00
 236.738426   -0.85666  -37.99966    27.1379   5.616537      0.000  0.000e+00
 236.738484   -0.85650  -37.99966    27.1352   5.600600      0.000  0.000e+00
 236.738542   -0.85616  -37.99964    27.1345   5.672527      0.000  0.000e+00
 236.738600   -0.85600  -37.99966    27.1345   5.684228      0.000  0.000e+00
 236.738657   -0.85582  -37.99966    27.1352   5.690231      0.000  0.000e+00
 236.738715   -0.85552  -37.99962    27.1359   5.647066      0.000  0.000e+00
 236.738773   -0.85530  -37.99960    27.1372   5.665078      0.000  0.000e+00
 236.738831   -0.85510  -37.99960    27.1407   5.693646      0.000  0.000e+00
 236.738889   -0.85490  -37.99960    27.1420   5.676874      0.000  0.000e+00
 236.738947   -0.85466  -37.99960    27.1433   5.133162      0.000  0.000e+00
 236.739005   -0.85444  -37.99958    27.1427   5.707620      0.000  0.000e+00
 236.739062   -0.85424  -37.99956    27.1420   5.709795      0.000  0.000e+00
 236.739120   -0.85402  -37.99956    27.1427   5.710519      0.000  0.000e+00
 236.739178   -0.85380  -37.99954    27.1420   5.710726      0.000  0.000e+00
 236.739236   -0.85360  -37.99956    27.1420   5.710726      0.000  0.000e+00
 236.739294   -0.85340  -37.99952    27.1413   5.711243      0.000  0.000e+00
 236.739352   -0.85318  -37.99952    27.1372   5.616849      0.000  0.000e+00
 236.739410   -0.85296  -37.99954    27.1304   5.703481      0.000  0.000e+00
 236.739468   -0.85274  -37.99952    27.1325   5.700786      0.000  0.000e+00
 236.739525   -0.85254  -37.99954    27.1366   5.701513      0.000  0.000e+00
 236.739583   -0.85228  -37.99952    27.1433   5.700372      0.000  0.000e+00
 236.739641   -0.85210  -37.99956    27.1440   5.686295      0.000  0.000e+00
 236.739699   -0.85190  -37.99954    27.1413   5.678327      0.000  0.000e+00
 236.739757   -0.85168  -37.99956    27.1399   5.684640      0.000  0.000e+00
 236.739815   -0.85150  -37.99950    27.1386   5.693440      0.000  0.000e+00
 236.739873   -0.85124  -37.99958    27.1393   5.673562      0.000  0.000e+00
 236.739931   -0.85102  -37.99956    27.1399   5.699753      0.000  0.000e+00
 236.739988   -0.85078  -37.99956    27.1413   5.687022      0.000  0.000e+00
 236.740046   -0.85056  -37.99958    27.1427   5.680604      0.000  0.000e+00
 236.740104   -0.85034  -37.99958    27.1447   5.689921      0.000  0.000e+00
 236.740162   -0.85012  -37.99960    27.1461   5.687538      0.000  0.000e+00
 236.740220   -0.85000  -37.99966    27.1468   5.572662      0.000  0.000e+00
 236.740278   -0.84974  -37.99960    27.1468   5.710829      0.000  0.000e+00
 236.740336   -0.84952  -37.99960    27.1461   5.711139      0.000  0.000e+00
 236.740394   -0.84928  -37.99962    27.1454   5.711553      0.000  0.000e+00
 236.740451   -0.84916  -37.99966    27.1454   5.711967      0.000  0.000e+00
 236.740509   -0.84882  -37.99966    27.1454   5.712070      0.000  0.000e+00
 236.740567   -0.84866  -37.99966    27.1447   5.712173      0.000  0.000e+00
 236.740625   -0.84850  -37.99966    27.1440   5.712277      0.000  0.000e+00
 236.740683   -0.84832  -37.99966    27.1352   5.366492      0.000  0.000e+00
 236.740741   -0.84800  -37.99966    27.1393   5.651309      0.000  0.000e+00
 236.740799   -0.84782  -37.99964    27.1461   5.703894      0.000  0.000e+00
 236.740856   -0.84766  -37.99966    27.1522   5.697682      0.000  0.000e+00
 236.740914   -0.84732  -37.99966    27.1556   5.682052      0.000  0.000e+00
 236.740972   -0.84716  -37.99966    27.1576   5.676668      0.000  0.000e+00
 236.741030   -0.84700  -37.99966    27.1597   5.662696      0.000  0.000e+00
 236.741088   -0.84682  -37.99966    27.1603   5.683088      0.000  0.000e+00
 236.741146   -0.84654  -37.99968    27.1610   5.678532      0.000  0.000e+00
 236.741204   -0.84632  -37.99968    27.1617   5.690849      0.000  0.000e+00
 236.741262   -0.84610  -37.99968    27.1624   5.693646      0.000  0.000e+00
 236.741319   -0.84590  -37.99972    27.1631   5.651416      0.000  0.000e+00
 236.741377   -0.84568  -37.99968    27.1631   5.678636      0.000  0.000e+00
 236.741435   -0.84546  -37.99972    27.1624   5.672840      0.000  0.000e+00
 236.741493   -0.84524  -37.99970    27.1603   4.813345      0.000  0.000e+00
 236.741551   -0.84502  -37.99974    27.1597   5.711966      0.000  0.000e+00
 236.741609   -0.84482  -37.99974    27.1583   5.713104      0.000  0.000e+00
 236.741667   -0.84460  -37.99974    27.1562   5.713207      0.000  0.000e+00
 236.741725   -0.84440  -37.99976    27.1556   5.713104      0.000  0.000e+00
 236.741782   -0.84420  -37.99974    27.1556   5.713414      0.000  0.000e+00
 236.741840   -0.84398  -37.99976    27.1556   5.713729      0.000  0.000e+00
 236.741898   -0.84376  -37.99976    27.1556   5.712484      0.000  0.000e+00
 236.741956   -0.84356  -37.99976    27.1515   5.714350      0.000  0.000e+00
 236.742014   -0.84334  -37.99976    27.1508   5.714350      0.000  0.000e+00
 236.742072   -0.84312  -37.99976    27.1488   5.447995      0.000  0.000e+00
 236.742130   -0.84290  -37.99976    27.1508   5.705444      0.000  0.000e+00
 236.742188   -0.84266  -37.99982    27.1556   5.545342      0.000  0.000e+00
 236.742245   -0.84250  -37.99982    27.1556   5.688574      0.000  0.000e+00
 236.742303   -0.84232  -37.99982    27.1536   5.698095      0.000  0.000e+00
 236.742361   -0.84200  -37.99982    27.1515   5.692815      0.000  0.000e+00
 236.742419   -0.84182  -37.99982    27.1515   5.687744      0.000  0.000e+00
 236.742477   -0.84166  -37.99982    27.1515   5.680398      0.000  0.000e+00
 236.742535   -0.84150  -37.99982    27.1529   5.691159      0.000  0.000e+00
 236.742593   -0.84116  -37.99982    27.1542   5.692712      0.000  0.000e+00
 236.742650   -0.84098  -37.99982    27.1549   5.682882      0.000  0.000e+00
 236.742708   -0.84082  -37.99982    27.1570   5.694992      0.000  0.000e+00
 236.742766   -0.84066  -37.99982    27.1590   5.697372      0.000  0.000e+00
 236.742824   -0.84032  -37.99982    27.1603   5.693646      0.000  0.000e+00
 236.742882   -0.84016  -37.99982    27.1624   5.706586      0.000  0.000e+00
 236.742940   -0.84000  -37.99982    27.1638   5.660731      0.000  0.000e+00
 236.742998   -0.83966  -37.99982    27.1617   5.710002      0.000  0.000e+00
 236.743056   -0.83950  -37.99982    27.1624   5.712380      0.000  0.000e+00
 236.743113   -0.83932  -37.99982    27.1624   5.712794      0.000  0.000e+00
 236.743171   -0.83916  -37.99982    27.1617   5.713311      0.000  0.000e+00
 236.743229   -0.83882  -37.99982    27.1583   5.710519      0.000  0.000e+00
 236.743287   -0.83866  -37.99982    27.1556   5.713414      0.000  0.000e+00
 236.743345   -0.83850  -37.99982    27.1549   5.705444      0.000  0.000e+00
 236.743403   -0.83832  -37.99982    27.1576   5.664250      0.000  0.000e+00
 236.743461   -0.83800  -37.99982    27.1631   5.694575      0.000  0.000e+00
 236.743519   -0.83778  -37.99984    27.1651   5.696541      0.000  0.000e+00
 236.743576   -0.83760  -37.99984    27.1644   5.701100      0.000  0.000e+00
 236.743634   -0.83732  -37.99982    27.1644   5.694162      0.000  0.000e+00
 236.743692   -0.83716  -37.99982    27.1644   5.694059      0.000  0.000e+00
 236.743750   -0.83700  -37.99982    27.1651   5.683707      0.000  0.000e+00
 236.743808   -0.83682  -37.99982    27.1665   5.676771      0.000  0.000e+00
 236.743866   -0.83650  -37.99982    27.1679   5.699339      0.000  0.000e+00
 236.743924   -0.83632  -37.99982    27.1692   4.870966      0.000  0.000e+00
 236.743981   -0.83616  -37.99982    27.1705   5.177708      0.000  0.000e+00
 236.744039   -0.83600  -37.99982    27.1719   5.587664      0.000  0.000e+00
 236.744097   -0.83572  -37.99990    27.1719   5.711656      0.000  0.000e+00
 236.744155   -0.83550  -37.99982    27.1726   5.713522      0.000  0.000e+00
 236.744213   -0.83532  -37.99982    27.1726   5.713935      0.000  0.000e+00
 236.744271   -0.83516  -37.99982    27.1726   5.714142      0.000  0.000e+00
 236.744329   -0.83482  -37.99982    27.1685   5.539858      0.000  0.000e+00
 236.744387   -0.83466  -37.99982    27.1671   5.713729      0.000  0.000e+00
 236.744444   -0.83450  -37.99982    27.1644   5.714556      0.000  0.000e+00
 236.744502   -0.83416  -38.00000    27.1610   5.713001      0.000  0.000e+00
 236.744560   -0.83400  -38.00000    27.1644   5.463199      0.000  0.000e+00
 236.744618   -0.83382  -37.99982    27.1692   5.688157      0.000  0.000e+00
 236.744676   -0.83366  -38.00000    27.1773   5.694368      0.000  0.000e+00
 236.744734   -0.83350  -38.00000    27.1767   5.673356      0.000  0.000e+00
 236.744792   -0.83316  -38.00000    27.1746   5.690436      0.000  0.000e+00
 236.744850   -0.83300  -38.00000    27.1733   5.690333      0.000  0.000e+00
 236.744907   -0.83282  -38.00000    27.1726   5.654520      0.000  0.000e+00
 236.744965   -0.83266  -38.00000    27.1733   5.704204      0.000  0.000e+00
 236.745023   -0.83250  -38.00000    27.1760   5.692299      0.000  0.000e+00
 236.745081   -0.83216  -38.00000    27.1801   5.692505      0.000  0.000e+00
 236.745139   -0.83198  -38.00000    27.1841   5.646859      0.000  0.000e+00
 236.745197   -0.83182  -38.00000    27.1882   5.633612      0.000  0.000e+00
 236.745255   -0.83166  -38.00000    27.1903   5.491855      0.000  0.000e+00
 236.745312   -0.83132  -38.00000    27.1903   5.627608      0.000  0.000e+00
 236.745370   -0.83116  -38.00000    27.1882   5.453476      0.000  0.000e+00
 236.745428   -0.83096  -38.00002    27.1875   5.711035      0.000  0.000e+00
 236.745486   -0.83082  -38.00000    27.1875   5.713521      0.000  0.000e+00
 236.745544   -0.83066  -38.00000    27.1875   5.715176      0.000  0.000e+00
 236.745602   -0.83050  -38.00000    27.1875   5.715694      0.000  0.000e+00
 236.745660   -0.83016  -38.00000    27.1869   5.716004      0.000  0.000e+00
 236.745718   -0.83000  -38.00000    27.1862   5.716211      0.000  0.000e+00
 236.745775   -0.82982  -38.00000    27.1855   5.716211      0.000  0.000e+00
 236.745833   -0.82950  -38.00016    27.1910   5.713935      0.000  0.000e+00
 236.745891   -0.82932  -38.00016    27.1821   5.716108      0.000  0.000e+00
 236.745949   -0.82916  -38.00016    27.1760   5.622436      0.000  0.000e+00
 236.746007   -0.82900  -38.00016    27.1767   5.703894      0.000  0.000e+00
 236.746065   -0.82866  -38.00016    27.1794   5.702443      0.000  0.000e+00
 236.746123   -0.82850  -38.00016    27.1787   5.691365      0.000  0.000e+00
 236.746181   -0.82832  -38.00016    27.1705   5.682052      0.000  0.000e+00
 236.746238   -0.82816  -38.00016    27.1665   5.700579      0.000  0.000e+00
 236.746296   -0.82800  -38.00016    27.1638   5.681223      0.000  0.000e+00
 236.746354   -0.82766  -38.00016    27.1638   5.707929      0.000  0.000e+00
 236.746412   -0.82750  -38.00016    27.1644   5.701720      0.000  0.000e+00
 236.746470   -0.82732  -38.00016    27.1651   5.684227      0.000  0.000e+00
 236.746528   -0.82716  -38.00016    27.1665   5.691886      0.000  0.000e+00
 236.746586   -0.82682  -38.00016    27.1665   5.705031      0.000  0.000e+00
 236.746644   -0.82666  -38.00016    27.1671   5.702133      0.000  0.000e+00
 236.746701   -0.82650  -38.00016    27.1671   5.681846      0.000  0.000e+00
 236.746759   -0.82630  -38.00020    27.1651   5.614882      0.000  0.000e+00
 236.746817   -0.82616  -38.00016    27.1631   5.676152      0.000  0.000e+00
 236.746875   -0.82582  -38.00016    27.1603   5.700889      0.000  0.000e+00
 236.746933   -0.82566  -38.00016    27.1597   5.710208      0.000  0.000e+00
 236.746991   -0.82548  -38.00032    27.1583   5.711863      0.000  0.000e+00
 236.747049   -0.82532  -38.00032    27.1570   5.711760      0.000  0.000e+00
 236.747106   -0.82500  -38.00032    27.1576   5.711966      0.000  0.000e+00
 236.747164   -0.82484  -38.00028    27.1583   5.712277      0.000  0.000e+00
 236.747222   -0.82466  -38.00032    27.1576   5.712483      0.000  0.000e+00
 236.747280   -0.82438  -38.00030    27.1679   5.712380      0.000  0.000e+00
 236.747338   -0.82416  -38.00032    27.1705   5.712483      0.000  0.000e+00
 236.747396   -0.82400  -38.00032    27.1583   5.712070      0.000  0.000e+00
 236.747454   -0.82382  -38.00032    27.1549   5.712380      0.000  0.000e+00
 236.747512   -0.82360  -38.00030    27.1427   5.660109      0.000  0.000e+00
 236.747569   -0.82340  -38.00032    27.1488   5.648000      0.000  0.000e+00
 236.747627   -0.82316  -38.00032    27.1468   5.681326      0.000  0.000e+00
 236.747685   -0.82300  -38.00032    27.1407   5.678739      0.000  0.000e+00
 236.747743   -0.82282  -38.00032    27.1352   5.680398      0.000  0.000e+00
 236.747801   -0.82266  -38.00032    27.1325   5.689710      0.000  0.000e+00
 236.747859   -0.82232  -38.00038    27.1311   5.680914      0.000  0.000e+00
 236.747917   -0.82210  -38.00040    27.1311   5.694266      0.000  0.000e+00
 236.747975   -0.82200  -38.00032    27.1311   5.688368      0.000  0.000e+00
 236.748032   -0.82174  -38.00040    27.1311   5.680084      0.000  0.000e+00
 236.748090   -0.82154  -38.00040    27.1325   5.687538      0.000  0.000e+00
 236.748148   -0.82132  -38.00032    27.1318   5.684950      0.000  0.000e+00
 236.748206   -0.82116  -38.00032    27.1318   5.692403      0.000  0.000e+00
 236.748264   -0.82100  -38.00032    27.1304   5.687951      0.000  0.000e+00
 236.748322   -0.82066  -38.00050    27.1291   5.684331      0.000  0.000e+00
 236.748380   -0.82050  -38.00050    27.1298   5.665907      0.000  0.000e+00
 236.748437   -0.82024  -38.00042    27.1298   5.685883      0.000  0.000e+00
 236.748495   -0.82016  -38.00050    27.1223   4.920331      0.000  0.000e+00
