sampledata/TSG/TSG_PIR_010.cnv
* Sea-Bird SBE 21 Data File:
* FileName = D:\COMISSÕES\2011\PIRATA BR XIII\FORTAL X FORTAL\PIR_010\PIR_010.hex
* Software Version Seasave Win32 V 5.39c
* Temperature SN = 3311
* Conductivity SN = 3311
* System UpLoad Time = Aug 24 2011 17:40:29
* NMEA Latitude = 00 51.788 S
* NMEA Longitude = 038  0.000 W
* NMEA UTC (Time) = Aug 24 2011  17:40:50
** H-40
** NOc ANTARES
** PIRATA BR XIII
** PIR
** DDHHMM/MMM/AA 241740/AGO/11
** 3311
** ANOTADOR 3ºSG HN HERCULIS
# nquan = 7
# nvalues = 602                                   
# units = specified
# name 0 = timeJ: Julian Days
# name 1 = latitude: Latitude [deg]
# name 2 = longitude: Longitude [deg]
# name 3 = t090C: Temperature [ITS-90, deg C]
# name 4 = c0S/m: Conductivity [S/m]
# name 5 = prM: Pressure [db]
# name 6 = flag:  0.000e+00
# span 0 = 236.736690, 236.771470                 
# span 1 =   -0.86300,   -0.73900                 
# span 2 =  -38.00132,  -37.99950                 
# span 3 =    27.0420,    27.1910                 
# span 4 =   4.309305,   5.716211                 
# span 5 =      0.000,      0.000                 
# span 6 = 0.0000e+00, 0.0000e+00                 
# interval = seconds: 5
# start_time = Aug 24 2011 17:40:50
# bad_flag = -9.990e-29
*END*
[from data line 411]
 236.760475   -0.77782  -38.00100    27.1066   5.668805      0.000  0.000e+00
 236.760532   -0.77766  -38.00100    27.1080   5.563451      0.000  0.000e+00
 236.760590   -0.77750  -38.00100    27.1073   5.662075      0.000  0.000e+00
 236.760648   -0.77732  -38.00100    27.1059   5.665907      0.000  0.000e+00
 236.760706   -0.77700  -38.00100    27.1039   5.652034      0.000  0.000e+00
 236.760764   -0.77682  -38.00100    27.1005   5.669943      0.000  0.000e+00
 236.760822   -0.77666  -38.00100    27.0992   5.686090      0.000  0.000e+00
 236.760880   -0.77650  -38.00100    27.0978   5.686400      0.000  0.000e+00
 236.760937   -0.77632  -38.00100    27.0971   5.663628      0.000  0.000e+00
 236.760995   -0.77600  -38.00100    27.0984   5.686296      0.000  0.000e+00
 236.761053   -0.77580  -38.00090    27.0984   5.686606      0.000  0.000e+00
 236.761111   -0.77564  -38.00090    27.0984   5.686709      0.000  0.000e+00
 236.761169   -0.77550  -38.00100    27.0957   5.686920      0.000  0.000e+00
 236.761227   -0.77516  -38.00082    27.0890   5.043367      0.000  0.000e+00
 236.761285   -0.77500  -38.00082    27.0876   5.663732      0.000  0.000e+00
 236.761343   -0.77482  -38.00082    27.0896   5.670046      0.000  0.000e+00
 236.761400   -0.77466  -38.00082    27.0869   5.659179      0.000  0.000e+00
 236.761458   -0.77450  -38.00082    27.0808   5.666839      0.000  0.000e+00
 236.761516   -0.77416  -38.00082    27.0760   5.664869      0.000  0.000e+00
 236.761574   -0.77400  -38.00082    27.0726   5.564694      0.000  0.000e+00
 236.761632   -0.77382  -38.00082    27.0719   5.670253      0.000  0.000e+00
 236.761690   -0.77366  -38.00082    27.0712   5.665286      0.000  0.000e+00
 236.761748   -0.77338  -38.00088    27.0726   5.671081      0.000  0.000e+00
 236.761806   -0.77316  -38.00082    27.0747   5.640032      0.000  0.000e+00
 236.761863   -0.77300  -38.00082    27.0760   5.638375      0.000  0.000e+00
 236.761921   -0.77282  -38.00082    27.0753   5.551964      0.000  0.000e+00
 236.761979   -0.77258  -38.00082    27.0739   5.639308      0.000  0.000e+00
 236.762037   -0.77232  -38.00082    27.0712   5.673671      0.000  0.000e+00
 236.762095   -0.77216  -38.00080    27.0712   5.681121      0.000  0.000e+00
 236.762153   -0.77200  -38.00082    27.0712   5.682054      0.000  0.000e+00
 236.762211   -0.77174  -38.00080    27.0706   5.682673      0.000  0.000e+00
 236.762269   -0.77166  -38.00082    27.0706   5.682883      0.000  0.000e+00
 236.762326   -0.77132  -38.00082    27.0692   5.600913      0.000  0.000e+00
 236.762384   -0.77116  -38.00082    27.0645   5.594081      0.000  0.000e+00
 236.762442   -0.77100  -38.00082    27.0631   5.674290      0.000  0.000e+00
 236.762500   -0.77082  -38.00082    27.0671   5.669634      0.000  0.000e+00
 236.762558   -0.77050  -38.00082    27.0685   5.656280      0.000  0.000e+00
 236.762616   -0.77032  -38.00066    27.0658   5.662698      0.000  0.000e+00
 236.762674   -0.77016  -38.00082    27.0637   5.083663      0.000  0.000e+00
 236.762731   -0.77000  -38.00066    27.0631   5.662076      0.000  0.000e+00
 236.762789   -0.76982  -38.00066    27.0645   5.665389      0.000  0.000e+00
 236.762847   -0.76948  -38.00066    27.0665   5.636097      0.000  0.000e+00
 236.762905   -0.76932  -38.00066    27.0685   5.658039      0.000  0.000e+00
 236.762963   -0.76916  -38.00066    27.0719   5.642722      0.000  0.000e+00
 236.763021   -0.76900  -38.00066    27.0753   5.566762      0.000  0.000e+00
 236.763079   -0.76866  -38.00066    27.0760   5.651001      0.000  0.000e+00
 236.763137   -0.76850  -38.00066    27.0767   4.432851      0.000  0.000e+00
 236.763194   -0.76832  -38.00066    27.0774   5.678534      0.000  0.000e+00
 236.763252   -0.76816  -38.00066    27.0774   5.677602      0.000  0.000e+00
 236.763310   -0.76782  -38.00066    27.0753   5.676154      0.000  0.000e+00
 236.763368   -0.76766  -38.00066    27.0747   5.681847      0.000  0.000e+00
 236.763426   -0.76750  -38.00066    27.0747   5.681951      0.000  0.000e+00
 236.763484   -0.76732  -38.00066    27.0747   5.682260      0.000  0.000e+00
 236.763542   -0.76716  -38.00066    27.0719   5.681121      0.000  0.000e+00
 236.763600   -0.76682  -38.00066    27.0706   5.651417      0.000  0.000e+00
 236.763657   -0.76666  -38.00066    27.0733   5.668286      0.000  0.000e+00
 236.763715   -0.76650  -38.00066    27.0767   5.653797      0.000  0.000e+00
 236.763773   -0.76632  -38.00066    27.0760   5.667874      0.000  0.000e+00
 236.763831   -0.76600  -38.00066    27.0719   5.669737      0.000  0.000e+00
 236.763889   -0.76582  -38.00066    27.0699   5.666942      0.000  0.000e+00
 236.763947   -0.76566  -38.00066    27.0678   5.664354      0.000  0.000e+00
 236.764005   -0.76532  -38.00066    27.0658   5.667561      0.000  0.000e+00
 236.764062   -0.76516  -38.00066    27.0665   5.641172      0.000  0.000e+00
 236.764120   -0.76500  -38.00066    27.0671   5.654830      0.000  0.000e+00
 236.764178   -0.76482  -38.00066    27.0671   5.602672      0.000  0.000e+00
 236.764236   -0.76450  -38.00066    27.0658   5.317270      0.000  0.000e+00
 236.764294   -0.76432  -38.00066    27.0651   5.678328      0.000  0.000e+00
 236.764352   -0.76416  -38.00050    27.0645   5.678637      0.000  0.000e+00
 236.764410   -0.76400  -38.00066    27.0645   5.588182      0.000  0.000e+00
 236.764468   -0.76372  -38.00056    27.0617   5.679673      0.000  0.000e+00
 236.764525   -0.76350  -38.00050    27.0610   5.680399      0.000  0.000e+00
 236.764583   -0.76332  -38.00050    27.0610   5.680502      0.000  0.000e+00
 236.764641   -0.76316  -38.00050    27.0597   5.680606      0.000  0.000e+00
 236.764699   -0.76298  -38.00050    27.0583   5.680709      0.000  0.000e+00
 236.764757   -0.76282  -38.00050    27.0549   5.669218      0.000  0.000e+00
 236.764815   -0.76250  -38.00050    27.0542   5.654831      0.000  0.000e+00
 236.764873   -0.76232  -38.00050    27.0604   5.652035      0.000  0.000e+00
 236.764931   -0.76216  -38.00050    27.0637   5.664560      0.000  0.000e+00
 236.764988   -0.76200  -38.00050    27.0590   5.642517      0.000  0.000e+00
 236.765046   -0.76182  -38.00050    27.0549   5.673981      0.000  0.000e+00
 236.765104   -0.76148  -38.00050    27.0522   5.664041      0.000  0.000e+00
 236.765162   -0.76126  -38.00052    27.0515   5.661767      0.000  0.000e+00
 236.765220   -0.76116  -38.00050    27.0515   5.497547      0.000  0.000e+00
 236.765278   -0.76090  -38.00050    27.0535   5.612812      0.000  0.000e+00
 236.765336   -0.76068  -38.00050    27.0556   5.643862      0.000  0.000e+00
 236.765394   -0.76050  -38.00050    27.0556   5.649137      0.000  0.000e+00
 236.765451   -0.76024  -38.00050    27.0563   5.658661      0.000  0.000e+00
 236.765509   -0.76000  -38.00050    27.0583   5.628025      0.000  0.000e+00
 236.765567   -0.75982  -38.00050    27.0583   5.659180      0.000  0.000e+00
 236.765625   -0.75966  -38.00048    27.0549   5.570385      0.000  0.000e+00
 236.765683   -0.75940  -38.00044    27.0535   5.628025      0.000  0.000e+00
 236.765741   -0.75920  -38.00044    27.0508   5.676876      0.000  0.000e+00
 236.765799   -0.75900  -38.00050    27.0515   5.677396      0.000  0.000e+00
 236.765856   -0.75882  -38.00042    27.0515   5.677808      0.000  0.000e+00
 236.765914   -0.75858  -38.00042    27.0515   5.678225      0.000  0.000e+00
 236.765972   -0.75842  -38.00040    27.0515   5.678431      0.000  0.000e+00
 236.766030   -0.75818  -38.00040    27.0515   5.678638      0.000  0.000e+00
 236.766088   -0.75800  -38.00032    27.0440   5.612192      0.000  0.000e+00
 236.766146   -0.75780  -38.00040    27.0420   5.641789      0.000  0.000e+00
 236.766204   -0.75766  -38.00032    27.0461   5.651418      0.000  0.000e+00
 236.766262   -0.75732  -38.00032    27.0488   5.659180      0.000  0.000e+00
 236.766319   -0.75716  -38.00032    27.0494   5.657833      0.000  0.000e+00
 236.766377   -0.75700  -38.00032    27.0481   5.645413      0.000  0.000e+00
 236.766435   -0.75682  -38.00032    27.0474   5.235493      0.000  0.000e+00
 236.766493   -0.75666  -38.00032    27.0467   5.647899      0.000  0.000e+00
 236.766551   -0.75632  -38.00032    27.0474   5.643965      0.000  0.000e+00
 236.766609   -0.75616  -38.00032    27.0481   5.655761      0.000  0.000e+00
 236.766667   -0.75600  -38.00032    27.0494   5.659283      0.000  0.000e+00
 236.766725   -0.75566  -38.00032    27.0502   5.515135      0.000  0.000e+00
 236.766782   -0.75550  -38.00034    27.0522   5.652142      0.000  0.000e+00
 236.766840   -0.75532  -38.00032    27.0549   5.657108      0.000  0.000e+00
 236.766898   -0.75516  -38.00032    27.0576   5.654522      0.000  0.000e+00
 236.766956   -0.75500  -38.00032    27.0631   5.469923      0.000  0.000e+00
 236.767014   -0.75482  -38.00032    27.0651   5.562626      0.000  0.000e+00
 236.767072   -0.75450  -38.00032    27.0692   5.525788      0.000  0.000e+00
 236.767130   -0.75432  -38.00032    27.0706   5.675634      0.000  0.000e+00
 236.767187   -0.75410  -38.00028    27.0719   5.677911      0.000  0.000e+00
 236.767245   -0.75390  -38.00028    27.0726   5.678225      0.000  0.000e+00
 236.767303   -0.75366  -38.00028    27.0726   5.678637      0.000  0.000e+00
 236.767361   -0.75350  -38.00032    27.0733   5.678740      0.000  0.000e+00
 236.767419   -0.75324  -38.00028    27.0719   5.679050      0.000  0.000e+00
 236.767477   -0.75308  -38.00024    27.0712   5.678740      0.000  0.000e+00
 236.767535   -0.75282  -38.00032    27.0671   5.014542      0.000  0.000e+00
 236.767593   -0.75266  -38.00016    27.0767   5.637857      0.000  0.000e+00
 236.767650   -0.75246  -38.00024    27.0869   5.489062      0.000  0.000e+00
 236.767708   -0.75224  -38.00022    27.0890   5.614572      0.000  0.000e+00
 236.767766   -0.75200  -38.00020    27.0828   5.677292      0.000  0.000e+00
 236.767824   -0.75182  -38.00016    27.0780   5.669218      0.000  0.000e+00
 236.767882   -0.75162  -38.00018    27.0767   5.642307      0.000  0.000e+00
 236.767940   -0.75138  -38.00022    27.0760   4.638580      0.000  0.000e+00
 236.767998   -0.75116  -38.00016    27.0760   5.669943      0.000  0.000e+00
 236.768056   -0.75098  -38.00018    27.0767   5.670252      0.000  0.000e+00
 236.768113   -0.75076  -38.00018    27.0767   5.601843      0.000  0.000e+00
 236.768171   -0.75066  -38.00016    27.0780   5.669218      0.000  0.000e+00
 236.768229   -0.75036  -38.00018    27.0780   5.668389      0.000  0.000e+00
 236.768287   -0.75016  -38.00018    27.0787   5.679260      0.000  0.000e+00
 236.768345   -0.74994  -38.00016    27.0780   5.679570      0.000  0.000e+00
 236.768403   -0.74982  -38.00016    27.0780   5.679466      0.000  0.000e+00
 236.768461   -0.74950  -38.00016    27.0726   5.677705      0.000  0.000e+00
 236.768519   -0.74932  -38.00016    27.0719   5.679467      0.000  0.000e+00
 236.768576   -0.74916  -38.00016    27.0726   5.679673      0.000  0.000e+00
 236.768634   -0.74898  -38.00016    27.0726   5.680085      0.000  0.000e+00
 236.768692   -0.74882  -38.00016    27.0726   5.680188      0.000  0.000e+00
 236.768750   -0.74850  -38.00016    27.0719   5.680399      0.000  0.000e+00
 236.768808   -0.74832  -38.00016    27.0692   4.814483      0.000  0.000e+00
 236.768866   -0.74816  -38.00016    27.0739   5.629681      0.000  0.000e+00
 236.768924   -0.74800  -38.00016    27.0774   5.642409      0.000  0.000e+00
 236.768981   -0.74766  -38.00016    27.0747   5.667045      0.000  0.000e+00
 236.769039   -0.74750  -38.00016    27.0719   5.655761      0.000  0.000e+00
 236.769097   -0.74732  -38.00008    27.0706   5.663007      0.000  0.000e+00
 236.769155   -0.74716  -38.00000    27.0706   5.643241      0.000  0.000e+00
 236.769213   -0.74682  -38.00000    27.0712   5.650693      0.000  0.000e+00
 236.769271   -0.74666  -38.00000    27.0719   5.594495      0.000  0.000e+00
 236.769329   -0.74646  -38.00004    27.0733   5.649968      0.000  0.000e+00
 236.769387   -0.74632  -38.00000    27.0747   5.645721      0.000  0.000e+00
 236.769444   -0.74616  -38.00000    27.0760   5.655971      0.000  0.000e+00
 236.769502   -0.74582  -38.00000    27.0780   5.661869      0.000  0.000e+00
 236.769560   -0.74566  -38.00000    27.0787   5.664251      0.000  0.000e+00
 236.769618   -0.74550  -38.00000    27.0774   5.451716      0.000  0.000e+00
 236.769676   -0.74532  -38.00000    27.0774   5.678843      0.000  0.000e+00
 236.769734   -0.74500  -38.00000    27.0767   5.679363      0.000  0.000e+00
 236.769792   -0.74484  -37.99996    27.0767   5.679570      0.000  0.000e+00
 236.769850   -0.74466  -38.00000    27.0767   5.679776      0.000  0.000e+00
 236.769907   -0.74450  -38.00000    27.0733   5.678947      0.000  0.000e+00
 236.769965   -0.74432  -38.00000    27.0706   4.860431      0.000  0.000e+00
 236.770023   -0.74400  -38.00000    27.0706   5.666114      0.000  0.000e+00
 236.770081   -0.74382  -37.99982    27.0739   5.670253      0.000  0.000e+00
 236.770139   -0.74366  -37.99982    27.0760   5.655658      0.000  0.000e+00
 236.770197   -0.74350  -37.99982    27.0760   5.650693      0.000  0.000e+00
 236.770255   -0.74332  -37.99982    27.0760   5.206237      0.000  0.000e+00
 236.770312   -0.74300  -37.99982    27.0760   5.613328      0.000  0.000e+00
 236.770370   -0.74282  -37.99982    27.0780   5.202103      0.000  0.000e+00
 236.770428   -0.74266  -37.99982    27.0801   5.663732      0.000  0.000e+00
 236.770486   -0.74250  -37.99982    27.0849   5.668595      0.000  0.000e+00
 236.770544   -0.74232  -37.99982    27.0923   5.650277      0.000  0.000e+00
 236.770602   -0.74200  -37.99982    27.0984   5.647173      0.000  0.000e+00
 236.770660   -0.74182  -37.99982    27.1025   5.652553      0.000  0.000e+00
 236.770718   -0.74166  -37.99982    27.1066   5.658969      0.000  0.000e+00
 236.770775   -0.74150  -37.99982    27.1107   5.341572      0.000  0.000e+00
 236.770833   -0.74116  -37.99982    27.1107   5.667976      0.000  0.000e+00
 236.770891   -0.74100  -37.99982    27.1114   5.680291      0.000  0.000e+00
 236.770949   -0.74082  -37.99982    27.1114   5.681327      0.000  0.000e+00
 236.771007   -0.74066  -37.99982    27.1107   5.681847      0.000  0.000e+00
 236.771065   -0.74032  -37.99982    27.1107   5.682053      0.000  0.000e+00
 236.771123   -0.74016  -37.99982    27.1107   5.682259      0.000  0.000e+00
 236.771181   -0.74000  -37.99982    27.1066   5.682569      0.000  0.000e+00
 236.771238   -0.73982  -37.99982    27.0984   5.677395      0.000  0.000e+00
 236.771296   -0.73950  -37.99966    27.0978   5.682156      0.000  0.000e+00
 236.771354   -0.73932  -37.99966    27.0978   5.682986      0.000  0.000e+00
 236.771412   -0.73916  -37.99966    27.0964   5.682986      0.000  0.000e+00
 236.771470   -0.73900  -37.99966    27.0971   5.682775      0.000  0.000e+00
