sampledata/TSG/TSG_PIR_010.cnv
* Sea-Bird SBE 21 Data File:
* FileName = D:\COMISSÕES\2011\PIRATA BR XIII\FORTAL X FORTAL\PIR_010\PIR_010.hex
* Software Version Seasave Win32 V 5.39c
* Temperature SN = 3311
* Conductivity SN = 3311
* System UpLoad Time = Aug 24 2011 17:40:29
* NMEA Latitude = 00 51.788 S
* NMEA Longitude = 038  0.000 W
* NMEA UTC (Time) = Aug 24 2011  17:40:50
** H-40
** NOc ANTARES
** PIRATA BR XIII
** PIR
** DDHHMM/MMM/AA 241740/AGO/11
** 3311
** ANOTADOR 3ºSG HN HERCULIS
# nquan = 7
# nvalues = 602                                   
# units = specified
# name 0 = timeJ: Julian Days
# name 1 = latitude: Latitude [deg]
# name 2 = longitude: Longitude [deg]
# name 3 = t090C: Temperature [ITS-90, deg C]
# name 4 = c0S/m: Conductivity [S/m]
# name 5 = prM: Pressure [db]
# name 6 = flag:  0.000e+00
# span 0 = 236.736690, 236.771470                 
# span 1 =   -0.86300,   -0.73900                 
# span 2 =  -38.00132,  -37.99950                 
# span 3 =    27.0420,    27.1910                 
# span 4 =   4.309305,   5.716211                 
# span 5 =      0.000,      0.000                 
# span 6 = 0.0000e+00, 0.0000e+00                 
# interval = seconds: 5
# start_time = Aug 24 2011 17:40:50
# bad_flag = -9.990e-29
*END*
[from data line 206]
 236.748611   -0.81966  -38.00050    27.1202   5.698096      0.000  0.000e+00
 236.748669   -0.81950  -38.00050    27.1209   5.698927      0.000  0.000e+00
 236.748727   -0.81932  -38.00050    27.1209   5.699546      0.000  0.000e+00
 236.748785   -0.81900  -38.00050    27.1209   5.699650      0.000  0.000e+00
 236.748843   -0.81882  -38.00050    27.1196   5.699753      0.000  0.000e+00
 236.748900   -0.81866  -38.00050    27.1168   5.699856      0.000  0.000e+00
 236.748958   -0.81850  -38.00050    27.1352   5.698926      0.000  0.000e+00
 236.749016   -0.81816  -38.00050    27.1270   5.700476      0.000  0.000e+00
 236.749074   -0.81800  -38.00050    27.1291   5.700683      0.000  0.000e+00
 236.749132   -0.81782  -38.00050    27.1202   5.700683      0.000  0.000e+00
 236.749190   -0.81766  -38.00050    27.1086   5.198275      0.000  0.000e+00
 236.749248   -0.81750  -38.00050    27.1046   5.628542      0.000  0.000e+00
 236.749306   -0.81732  -38.00050    27.1005   5.689504      0.000  0.000e+00
 236.749363   -0.81700  -38.00050    27.0876   5.676566      0.000  0.000e+00
 236.749421   -0.81682  -38.00050    27.0753   5.673254      0.000  0.000e+00
 236.749479   -0.81656  -38.00050    27.0692   5.678225      0.000  0.000e+00
 236.749537   -0.81640  -38.00050    27.0651   5.680502      0.000  0.000e+00
 236.749595   -0.81616  -38.00050    27.0658   5.654419      0.000  0.000e+00
 236.749653   -0.81600  -38.00050    27.0665   5.668286      0.000  0.000e+00
 236.749711   -0.81580  -38.00050    27.0699   5.673357      0.000  0.000e+00
 236.749769   -0.81566  -38.00050    27.0753   5.490098      0.000  0.000e+00
 236.749826   -0.81532  -38.00050    27.0767   5.617573      0.000  0.000e+00
 236.749884   -0.81514  -38.00050    27.0794   5.669218      0.000  0.000e+00
 236.749942   -0.81494  -38.00050    27.0794   5.671287      0.000  0.000e+00
 236.750000   -0.81478  -38.00052    27.0794   5.663007      0.000  0.000e+00
 236.750058   -0.81452  -38.00052    27.0801   5.590668      0.000  0.000e+00
 236.750116   -0.81432  -38.00052    27.0801   5.663320      0.000  0.000e+00
 236.750174   -0.81416  -38.00052    27.0753   5.682776      0.000  0.000e+00
 236.750231   -0.81400  -38.00050    27.0726   5.628645      0.000  0.000e+00
 236.750289   -0.81382  -38.00050    27.0678   5.138951      0.000  0.000e+00
 236.750347   -0.81350  -38.00056    27.0678   5.680605      0.000  0.000e+00
 236.750405   -0.81332  -38.00050    27.0678   5.686091      0.000  0.000e+00
 236.750463   -0.81316  -38.00050    27.0678   5.687127      0.000  0.000e+00
 236.750521   -0.81288  -38.00058    27.0692   5.688262      0.000  0.000e+00
 236.750579   -0.81268  -38.00056    27.0692   5.688370      0.000  0.000e+00
 236.750637   -0.81248  -38.00060    27.0671   5.688679      0.000  0.000e+00
 236.750694   -0.81228  -38.00058    27.0665   5.688782      0.000  0.000e+00
 236.750752   -0.81208  -38.00056    27.0767   5.687643      0.000  0.000e+00
 236.750810   -0.81190  -38.00060    27.0842   5.688782      0.000  0.000e+00
 236.750868   -0.81182  -38.00050    27.0671   5.623884      0.000  0.000e+00
 236.750926   -0.81148  -38.00050    27.0645   5.672842      0.000  0.000e+00
 236.750984   -0.81132  -38.00066    27.0699   4.309305      0.000  0.000e+00
 236.751042   -0.81116  -38.00050    27.0760   5.681224      0.000  0.000e+00
 236.751100   -0.81082  -38.00066    27.0808   5.670046      0.000  0.000e+00
 236.751157   -0.81066  -38.00066    27.0808   5.668080      0.000  0.000e+00
 236.751215   -0.81050  -38.00066    27.0814   5.665388      0.000  0.000e+00
 236.751273   -0.81032  -38.00066    27.0828   5.678121      0.000  0.000e+00
 236.751331   -0.81000  -38.00066    27.0842   5.626061      0.000  0.000e+00
 236.751389   -0.80982  -38.00066    27.0849   5.679153      0.000  0.000e+00
 236.751447   -0.80966  -38.00066    27.0855   5.665800      0.000  0.000e+00
 236.751505   -0.80950  -38.00066    27.0855   5.672425      0.000  0.000e+00
 236.751562   -0.80932  -38.00066    27.0855   5.660625      0.000  0.000e+00
 236.751620   -0.80900  -38.00066    27.0862   5.674809      0.000  0.000e+00
 236.751678   -0.80882  -38.00066    27.0876   5.644997      0.000  0.000e+00
 236.751736   -0.80866  -38.00066    27.0890   5.356359      0.000  0.000e+00
 236.751794   -0.80850  -38.00066    27.0882   5.687230      0.000  0.000e+00
 236.751852   -0.80816  -38.00066    27.0882   5.688262      0.000  0.000e+00
 236.751910   -0.80800  -38.00066    27.0890   5.688988      0.000  0.000e+00
 236.751968   -0.80782  -38.00066    27.0890   5.689195      0.000  0.000e+00
 236.752025   -0.80766  -38.00066    27.0882   5.689298      0.000  0.000e+00
 236.752083   -0.80732  -38.00066    27.0876   5.689608      0.000  0.000e+00
 236.752141   -0.80720  -38.00068    27.0787   5.589530      0.000  0.000e+00
 236.752199   -0.80700  -38.00066    27.0808   5.561277      0.000  0.000e+00
 236.752257   -0.80674  -38.00068    27.0869   5.652866      0.000  0.000e+00
 236.752315   -0.80650  -38.00066    27.0842   5.682776      0.000  0.000e+00
 236.752373   -0.80632  -38.00066    27.0767   5.678431      0.000  0.000e+00
 236.752431   -0.80616  -38.00066    27.0712   4.626404      0.000  0.000e+00
 236.752488   -0.80600  -38.00066    27.0685   5.679153      0.000  0.000e+00
 236.752546   -0.80582  -38.00066    27.0678   5.671494      0.000  0.000e+00
 236.752604   -0.80550  -38.00066    27.0678   5.669527      0.000  0.000e+00
 236.752662   -0.80532  -38.00066    27.0678   5.650071      0.000  0.000e+00
 236.752720   -0.80516  -38.00066    27.0692   5.653591      0.000  0.000e+00
 236.752778   -0.80500  -38.00066    27.0699   5.674290      0.000  0.000e+00
 236.752836   -0.80466  -38.00066    27.0712   5.671704      0.000  0.000e+00
 236.752894   -0.80450  -38.00066    27.0712   5.668492      0.000  0.000e+00
 236.752951   -0.80432  -38.00082    27.0712   5.669012      0.000  0.000e+00
 236.753009   -0.80416  -38.00082    27.0719   5.674083      0.000  0.000e+00
 236.753067   -0.80400  -38.00082    27.0726   5.667458      0.000  0.000e+00
 236.753125   -0.80382  -38.00082    27.0719   5.657524      0.000  0.000e+00
 236.753183   -0.80350  -38.00082    27.0726   5.545760      0.000  0.000e+00
 236.753241   -0.80332  -38.00082    27.0739   5.549482      0.000  0.000e+00
 236.753299   -0.80316  -38.00082    27.0780   5.544205      0.000  0.000e+00
 236.753356   -0.80282  -38.00082    27.0780   5.684745      0.000  0.000e+00
 236.753414   -0.80266  -38.00082    27.0780   5.686813      0.000  0.000e+00
 236.753472   -0.80250  -38.00082    27.0767   5.686920      0.000  0.000e+00
 236.753530   -0.80232  -38.00082    27.0774   5.687127      0.000  0.000e+00
 236.753588   -0.80216  -38.00082    27.0733   5.684538      0.000  0.000e+00
 236.753646   -0.80182  -38.00082    27.0733   5.687230      0.000  0.000e+00
 236.753704   -0.80166  -38.00082    27.0706   5.686813      0.000  0.000e+00
 236.753762   -0.80150  -38.00082    27.0692   5.681641      0.000  0.000e+00
 236.753819   -0.80132  -38.00082    27.0726   5.675845      0.000  0.000e+00
 236.753877   -0.80100  -38.00082    27.0767   5.681430      0.000  0.000e+00
 236.753935   -0.80082  -38.00082    27.0801   5.666732      0.000  0.000e+00
 236.753993   -0.80066  -38.00082    27.0780   5.670356      0.000  0.000e+00
 236.754051   -0.80050  -38.00082    27.0760   5.363909      0.000  0.000e+00
 236.754109   -0.80032  -38.00082    27.0747   5.672842      0.000  0.000e+00
 236.754167   -0.80000  -38.00082    27.0753   5.665079      0.000  0.000e+00
 236.754225   -0.79982  -38.00082    27.0767   5.597601      0.000  0.000e+00
 236.754282   -0.79966  -38.00082    27.0787   5.675428      0.000  0.000e+00
 236.754340   -0.79932  -38.00082    27.0814   5.550621      0.000  0.000e+00
 236.754398   -0.79916  -38.00082    27.0814   5.672739      0.000  0.000e+00
 236.754456   -0.79900  -38.00100    27.0814   5.686920      0.000  0.000e+00
 236.754514   -0.79882  -38.00082    27.0821   5.687333      0.000  0.000e+00
 236.754572   -0.79866  -38.00100    27.0821   5.687746      0.000  0.000e+00
 236.754630   -0.79832  -38.00100    27.0821   5.688055      0.000  0.000e+00
 236.754687   -0.79816  -38.00100    27.0821   5.688055      0.000  0.000e+00
 236.754745   -0.79800  -38.00100    27.0787   5.674496      0.000  0.000e+00
 236.754803   -0.79782  -38.00100    27.0739   5.566558      0.000  0.000e+00
 236.754861   -0.79766  -38.00100    27.0787   5.408895      0.000  0.000e+00
 236.754919   -0.79732  -38.00100    27.0821   5.643549      0.000  0.000e+00
 236.754977   -0.79716  -38.00100    27.0801   5.133163      0.000  0.000e+00
 236.755035   -0.79700  -38.00100    27.0747   5.636927      0.000  0.000e+00
 236.755093   -0.79682  -38.00100    27.0726   5.623264      0.000  0.000e+00
 236.755150   -0.79666  -38.00100    27.0692   5.653175      0.000  0.000e+00
 236.755208   -0.79632  -38.00100    27.0678   5.638893      0.000  0.000e+00
 236.755266   -0.79616  -38.00100    27.0671   5.256581      0.000  0.000e+00
 236.755324   -0.79598  -38.00102    27.0665   5.634855      0.000  0.000e+00
 236.755382   -0.79582  -38.00100    27.0665   4.963713      0.000  0.000e+00
 236.755440   -0.79550  -38.00100    27.0658   5.673461      0.000  0.000e+00
 236.755498   -0.79532  -38.00100    27.0658   5.604533      0.000  0.000e+00
 236.755556   -0.79516  -38.00100    27.0658   5.137296      0.000  0.000e+00
 236.755613   -0.79500  -38.00100    27.0651   5.683502      0.000  0.000e+00
 236.755671   -0.79482  -38.00116    27.0645   5.684332      0.000  0.000e+00
 236.755729   -0.79450  -38.00100    27.0631   5.684122      0.000  0.000e+00
 236.755787   -0.79432  -38.00100    27.0631   5.684332      0.000  0.000e+00
 236.755845   -0.79416  -38.00116    27.0631   5.684745      0.000  0.000e+00
 236.755903   -0.79388  -38.00108    27.0637   5.684951      0.000  0.000e+00
 236.755961   -0.79366  -38.00116    27.0590   5.681328      0.000  0.000e+00
 236.756019   -0.79350  -38.00116    27.0528   5.031797      0.000  0.000e+00
 236.756076   -0.79332  -38.00116    27.0563   5.682570      0.000  0.000e+00
 236.756134   -0.79316  -38.00116    27.0610   5.678947      0.000  0.000e+00
 236.756192   -0.79300  -38.00116    27.0590   5.654728      0.000  0.000e+00
 236.756250   -0.79266  -38.00114    27.0563   5.533548      0.000  0.000e+00
 236.756308   -0.79248  -38.00116    27.0549   5.672636      0.000  0.000e+00
 236.756366   -0.79226  -38.00114    27.0535   5.650277      0.000  0.000e+00
 236.756424   -0.79216  -38.00116    27.0542   5.648829      0.000  0.000e+00
 236.756481   -0.79184  -38.00114    27.0549   5.652970      0.000  0.000e+00
 236.756539   -0.79166  -38.00116    27.0569   5.657627      0.000  0.000e+00
 236.756597   -0.79150  -38.00116    27.0597   5.156107      0.000  0.000e+00
 236.756655   -0.79132  -38.00116    27.0610   5.672945      0.000  0.000e+00
 236.756713   -0.79106  -38.00120    27.0651   5.658764      0.000  0.000e+00
 236.756771   -0.79082  -38.00120    27.0685   5.672116      0.000  0.000e+00
 236.756829   -0.79066  -38.00120    27.0739   5.223499      0.000  0.000e+00
 236.756887   -0.79040  -38.00120    27.0760   5.679879      0.000  0.000e+00
 236.756944   -0.79032  -38.00116    27.0753   5.682569      0.000  0.000e+00
 236.757002   -0.79000  -38.00116    27.0753   5.683605      0.000  0.000e+00
 236.757060   -0.78982  -38.00116    27.0747   5.683915      0.000  0.000e+00
 236.757118   -0.78960  -38.00122    27.0747   5.684121      0.000  0.000e+00
 236.757176   -0.78950  -38.00116    27.0739   5.683605      0.000  0.000e+00
 236.757234   -0.78922  -38.00122    27.0719   5.681327      0.000  0.000e+00
 236.757292   -0.78898  -38.00124    27.0726   5.251720      0.000  0.000e+00
 236.757350   -0.78882  -38.00116    27.0814   5.656799      0.000  0.000e+00
 236.757407   -0.78860  -38.00126    27.0910   5.626784      0.000  0.000e+00
 236.757465   -0.78850  -38.00132    27.0998   5.678637      0.000  0.000e+00
 236.757523   -0.78818  -38.00126    27.1025   5.639201      0.000  0.000e+00
 236.757581   -0.78800  -38.00132    27.1019   5.642306      0.000  0.000e+00
 236.757639   -0.78782  -38.00126    27.1012   5.670355      0.000  0.000e+00
 236.757697   -0.78766  -38.00132    27.0998   5.654208      0.000  0.000e+00
 236.757755   -0.78740  -38.00126    27.0978   5.673460      0.000  0.000e+00
 236.757813   -0.78716  -38.00116    27.0957   5.679879      0.000  0.000e+00
 236.757870   -0.78700  -38.00126    27.0951   5.613640      0.000  0.000e+00
 236.757928   -0.78682  -38.00116    27.0923   5.573280      0.000  0.000e+00
 236.757986   -0.78666  -38.00116    27.0896   5.096685      0.000  0.000e+00
 236.758044   -0.78650  -38.00116    27.0876   5.670978      0.000  0.000e+00
 236.758102   -0.78616  -38.00116    27.0862   5.683812      0.000  0.000e+00
 236.758160   -0.78598  -38.00120    27.0862   5.685467      0.000  0.000e+00
 236.758218   -0.78582  -38.00116    27.0842   5.685781      0.000  0.000e+00
 236.758275   -0.78566  -38.00116    27.0842   5.685781      0.000  0.000e+00
 236.758333   -0.78550  -38.00116    27.0821   5.686090      0.000  0.000e+00
 236.758391   -0.78516  -38.00116    27.0821   5.685157      0.000  0.000e+00
 236.758449   -0.78500  -38.00116    27.0780   5.681018      0.000  0.000e+00
 236.758507   -0.78482  -38.00116    27.0787   5.535619      0.000  0.000e+00
 236.758565   -0.78466  -38.00116    27.0835   5.633926      0.000  0.000e+00
 236.758623   -0.78450  -38.00116    27.0876   5.658557      0.000  0.000e+00
 236.758681   -0.78416  -38.00116    27.0930   5.669840      0.000  0.000e+00
 236.758738   -0.78400  -38.00116    27.0951   5.649655      0.000  0.000e+00
 236.758796   -0.78382  -38.00116    27.0951   5.675531      0.000  0.000e+00
 236.758854   -0.78366  -38.00116    27.0937   5.673563      0.000  0.000e+00
 236.758912   -0.78332  -38.00114    27.0923   5.667148      0.000  0.000e+00
 236.758970   -0.78316  -38.00116    27.0916   5.665908      0.000  0.000e+00
 236.759028   -0.78300  -38.00116    27.0923   5.670978      0.000  0.000e+00
 236.759086   -0.78282  -38.00116    27.0944   5.643861      0.000  0.000e+00
 236.759144   -0.78250  -38.00116    27.0978   5.674912      0.000  0.000e+00
 236.759201   -0.78232  -38.00116    27.1025   5.671703      0.000  0.000e+00
 236.759259   -0.78216  -38.00116    27.1066   5.656798      0.000  0.000e+00
 236.759317   -0.78198  -38.00116    27.1127   5.375078      0.000  0.000e+00
 236.759375   -0.78182  -38.00116    27.1155   5.672841      0.000  0.000e+00
 236.759433   -0.78150  -38.00116    27.1155   5.686606      0.000  0.000e+00
 236.759491   -0.78132  -38.00100    27.1155   5.687435      0.000  0.000e+00
 236.759549   -0.78116  -38.00116    27.1155   5.687539      0.000  0.000e+00
 236.759606   -0.78100  -38.00100    27.1155   5.687539      0.000  0.000e+00
 236.759664   -0.78082  -38.00100    27.1148   5.687642      0.000  0.000e+00
 236.759722   -0.78050  -38.00106    27.1141   5.687952      0.000  0.000e+00
 236.759780   -0.78032  -38.00100    27.1066   5.439616      0.000  0.000e+00
 236.759838   -0.78010  -38.00106    27.1127   5.680708      0.000  0.000e+00
 236.759896   -0.78000  -38.00100    27.1223   5.675844      0.000  0.000e+00
 236.759954   -0.77966  -38.00100    27.1202   5.673253      0.000  0.000e+00
 236.760012   -0.77950  -38.00100    27.1127   5.671703      0.000  0.000e+00
 236.760069   -0.77932  -38.00100    27.1094   5.663216      0.000  0.000e+00
 236.760127   -0.77916  -38.00100    27.1066   5.662075      0.000  0.000e+00
 236.760185   -0.77882  -38.00100    27.1039   5.555072      0.000  0.000e+00
 236.760243   -0.77866  -38.00100    27.1032   5.665079      0.000  0.000e+00
 236.760301   -0.77848  -38.00100    27.1032   5.671910      0.000  0.000e+00
 236.760359   -0.77832  -38.00100    27.1046   5.677189      0.000  0.000e+00
