tests/data/CTD/dPIRX010.cnv
* Sea-Bird SBE 9 Data File:
* FileName = D:\COMISSOES\PIRATA_BR_X\Bruto\PIRX010.dat
* Software Version Seasave Win32 V 5.37d
* Temperature SN = 1721
* Conductivity SN = 1499
* Number of Bytes Per Scan = 18
* Number of Voltage Words = 0
* Number of Scans Averaged by the Deck Unit = 1
** H40 
** NOc ANTARES 
** 196 
** PIRATA BR X 
**   010
**   04 06.34 N
**   038 00.80 W
**   17/04/2008 00:56
**   4589
** 09P46375-0881 
**   BRUNO
# nquan = 11
# nvalues = 1014                        
# units = specified
# name 0 = timeS: Time, Elapsed [seconds]
# name 1 = prDM: Pressure, Digiquartz [db]
# name 2 = t090C: Temperature [ITS-90, deg C]
# name 3 = t190C: Temperature, 2 [ITS-90, deg C]
# name 4 = c0S/m: Conductivity [S/m]
# name 5 = c1S/m: Conductivity, 2 [S/m]
# name 6 = potemp090C: Potential Temperature [ITS-90, deg C]
# name 7 = potemp190C: Potential Temperature, 2 [ITS-90, deg C]
# name 8 = sal00: Salinity [PSU]
# name 9 = sal11: Salinity, 2 [PSU]
# name 10 = flag:
# span 0 =      0.625,   1361.089       
# span 1 =      1.000,   1014.000       
# span 2 =   -22.9845,    98.4519       
# span 3 =     4.7086,    27.4590       
# span 4 =   3.293909,   5.680211       
# span 5 =   3.329909,   5.672502       
# span 6 =   -23.0630,    97.5481       
# span 7 =     4.6264,    27.4558       
# span 8 =     8.2849,   102.4913       
# span 9 =    34.5406,    36.4032       
# span 10 = 0.0000e+00, 0.0000e+00      
# interval = decibars: 1                
# start_time = Apr 17 2008 00:56:37
# bad_flag = -9.990e-29
*END*
[from data line 919]
   1235.904    920.000     4.7284     4.7334   3.330339   3.329915     4.6540     4.6590    34.6313    34.6212 0.0000e+00
   1237.463    921.000     4.7283     4.7334   3.330404   3.329989     4.6538     4.6588    34.6317    34.6217 0.0000e+00
   1238.379    922.000     4.7276     4.7328   3.330436   3.330028     4.6531     4.6583    34.6322    34.6221 0.0000e+00
   1239.551    923.000     4.7277     4.7330   3.330487   3.330085     4.6530     4.6583    34.6323    34.6221 0.0000e+00
   1240.727    924.000     4.7270     4.7323   3.330625   3.330212     4.6522     4.6575    34.6341    34.6238 0.0000e+00
   1242.006    925.000     4.7303     4.7355   3.331407   3.330996     4.6555     4.6607    34.6392    34.6291 0.0000e+00
   1243.719    926.000     4.7327     4.7380   3.331820   3.331409     4.6577     4.6630    34.6411    34.6308 0.0000e+00
   1244.771    927.000     4.7315     4.7368   3.331755   3.331343     4.6565     4.6617    34.6410    34.6308 0.0000e+00
   1245.695    928.000     4.7314     4.7365   3.331804   3.331393     4.6563     4.6614    34.6412    34.6311 0.0000e+00
   1246.816    929.000     4.7304     4.7356   3.331783   3.331366     4.6552     4.6604    34.6414    34.6312 0.0000e+00
   1248.353    930.000     4.7297     4.7350   3.331813   3.331406     4.6544     4.6597    34.6420    34.6319 0.0000e+00
   1250.693    931.000     4.7294     4.7348   3.331865   3.331440     4.6541     4.6593    34.6424    34.6320 0.0000e+00
   1251.501    932.000     4.7283     4.7334   3.331800   3.331381     4.6528     4.6579    34.6424    34.6322 0.0000e+00
   1252.172    933.000     4.7280     4.7332   3.331862   3.331449     4.6524     4.6577    34.6429    34.6327 0.0000e+00
   1252.838    934.000     4.7281     4.7334   3.331975   3.331575     4.6525     4.6577    34.6436    34.6335 0.0000e+00
   1253.673    935.000     4.7265     4.7317   3.331871   3.331449     4.6507     4.6559    34.6436    34.6333 0.0000e+00
   1256.164    936.000     4.7258     4.7311   3.331860   3.331450     4.6500     4.6552    34.6436    34.6334 0.0000e+00
   1257.862    937.000     4.7258     4.7311   3.331951   3.331542     4.6499     4.6552    34.6442    34.6340 0.0000e+00
   1258.534    938.000     4.7246     4.7299   3.331924   3.331497     4.6486     4.6539    34.6446    34.6342 0.0000e+00
   1259.123    939.000     4.7217     4.7271   3.331691   3.331285     4.6457     4.6510    34.6444    34.6341 0.0000e+00
   1259.717    940.000     4.7206     4.7260   3.331665   3.331252     4.6445     4.6499    34.6448    34.6344 0.0000e+00
   1260.608    941.000     4.7197     4.7250   3.331661   3.331253     4.6435     4.6488    34.6451    34.6349 0.0000e+00
   1262.604    942.000     4.7198     4.7250   3.331733   3.331317     4.6435     4.6487    34.6454    34.6352 0.0000e+00
   1263.803    943.000     4.7194     4.7246   3.331786   3.331375     4.6430     4.6482    34.6460    34.6358 0.0000e+00
   1265.291    944.000     4.7197     4.7250   3.331965   3.331550     4.6432     4.6485    34.6472    34.6369 0.0000e+00
   1266.774    945.000     4.7191     4.7242   3.332011   3.331583     4.6426     4.6477    34.6478    34.6376 0.0000e+00
   1267.520    946.000     4.7208     4.7259   3.332285   3.331877     4.6441     4.6493    34.6488    34.6387 0.0000e+00
   1268.125    947.000     4.7233     4.7284   3.332589   3.332188     4.6465     4.6516    34.6492    34.6393 0.0000e+00
   1268.746    948.000     4.7258     4.7312   3.332949   3.332555     4.6489     4.6543    34.6503    34.6401 0.0000e+00
   1270.673    949.000     4.7300     4.7351   3.333443   3.333009     4.6530     4.6581    34.6511    34.6409 0.0000e+00
   1272.630    950.000     4.7356     4.7411   3.334114   3.333732     4.6585     4.6639    34.6526    34.6425 0.0000e+00
   1273.401    951.000     4.7402     4.7455   3.334637   3.334245     4.6630     4.6682    34.6534    34.6434 0.0000e+00
   1274.087    952.000     4.7476     4.7526   3.335454   3.335064     4.6702     4.6752    34.6547    34.6450 0.0000e+00
   1274.830    953.000     4.7514     4.7563   3.335931   3.335504     4.6739     4.6788    34.6558    34.6457 0.0000e+00
   1275.604    954.000     4.7512     4.7567   3.335978   3.335562     4.6736     4.6790    34.6561    34.6456 0.0000e+00
   1276.574    955.000     4.7503     4.7556   3.335926   3.335517     4.6726     4.6779    34.6559    34.6456 0.0000e+00
   1280.514    956.000     4.7493     4.7543   3.335859   3.335397     4.6716     4.6765    34.6556    34.6451 0.0000e+00
   1281.539    957.000     4.7456     4.7510   3.335531   3.335118     4.6678     4.6732    34.6551    34.6448 0.0000e+00
   1282.149    958.000     4.7409     4.7464   3.335134   3.334708     4.6631     4.6685    34.6549    34.6444 0.0000e+00
   1282.692    959.000     4.7439     4.7492   3.335529   3.335155     4.6660     4.6712    34.6558    34.6461 0.0000e+00
   1283.215    960.000     4.7500     4.7552   3.336294   3.335895     4.6719     4.6770    34.6579    34.6480 0.0000e+00
   1283.823    961.000     4.7514     4.7566   3.336537   3.336129     4.6732     4.6783    34.6588    34.6488 0.0000e+00
   1284.723    962.000     4.7516     4.7570   3.336641   3.336224     4.6733     4.6786    34.6593    34.6489 0.0000e+00
   1286.211    963.000     4.7485     4.7538   3.336393   3.335966     4.6701     4.6754    34.6591    34.6487 0.0000e+00
   1289.041    964.000     4.7445     4.7499   3.336078   3.335658     4.6661     4.6714    34.6591    34.6487 0.0000e+00
   1291.138    965.000     4.7407     4.7487   3.336004   3.335579     4.6622     4.6701    34.6617    34.6486 0.0000e+00
   1291.758    966.000     4.3749     4.7450   3.334831   3.335303     4.2984     4.6664    35.0292    34.6486 0.0000e+00
   1292.318    967.000    -0.1451     4.7412   3.325451   3.335019    -0.2007     4.6625    40.2138    34.6489 0.0000e+00
   1292.908    968.000   -14.7062     4.7286   3.301193   3.334052   -14.2717     4.6500    68.6005    34.6501 0.0000e+00
   1293.587    969.000     4.8179     4.7216   3.350830   3.333567     4.7362     4.6430    34.7510    34.6513 0.0000e+00
   1294.312    970.000     4.7111     4.7171   3.348736   3.333373     4.6321     4.6383    34.8372    34.6533 0.0000e+00
   1295.296    971.000     4.7078     4.7134   3.346706   3.333272     4.6288     4.6346    34.8167    34.6553 0.0000e+00
   1298.628    972.000     4.7072     4.7128   3.341617   3.333323     4.6282     4.6339    34.7578    34.6561 0.0000e+00
   1299.794    973.000     4.7082     4.7139   3.340751   3.333539     4.6291     4.6349    34.7463    34.6570 0.0000e+00
   1300.597    974.000     4.7087     4.7143   3.340133   3.333638     4.6296     4.6352    34.7381    34.6572 0.0000e+00
   1301.528    975.000     4.7093     4.7149   3.339529   3.333791     4.6300     4.6357    34.7300    34.6578 0.0000e+00
   1302.586    976.000     4.7100     4.7154   3.338942   3.333940     4.6306     4.6361    34.7220    34.6586 0.0000e+00
   1303.403    977.000    -5.8982     4.7157   3.315324   3.334124    -5.9516     4.6363    48.7891    34.6599 0.0000e+00
   1304.054    978.000   -20.5277     4.7159   3.293909   3.334424   -20.5543     4.6365    88.9406    34.6626 0.0000e+00
   1304.706    979.000   -12.8455     4.7158   3.327671   3.335621   -12.8818     4.6362    64.0201    34.6761 0.0000e+00
   1307.048    980.000     6.0390     4.7159   3.370050   3.334019     5.9580     4.6362    33.7300    34.6570 0.0000e+00
   1309.225    981.000     1.9029     4.7163   3.357094   3.334477     1.8382     4.6366    38.0616    34.6613 0.0000e+00
   1309.686    982.000    -7.7971     4.7166   3.334462   3.334755    -7.8429     4.6368    52.6434    34.6638 0.0000e+00
   1310.128    983.000    27.6694     4.7168   3.437274   3.334897    27.3546     4.6369    20.1979    34.6647 0.0000e+00
   1312.046    984.000    10.6719     4.7175   3.416687   3.334774    10.5331     4.6375    30.0656    34.6621 0.0000e+00
   1314.249    985.000     0.7740     4.7182   3.411067   3.335293     0.7357     4.6381    40.1519    34.6669 0.0000e+00
   1314.693    986.000     1.2250     4.7181   3.446102   3.335732     0.8495     4.6379    40.0327    34.6715 0.0000e+00
   1315.162    987.000    29.6521     4.7184   3.594435   3.335171    29.3735     4.6381    20.3690    34.6643 0.0000e+00
   1315.664    988.000    -1.6783     4.7186   3.548332   3.335306    -1.7426     4.6382    45.4642    34.6651 0.0000e+00
   1316.397    989.000     4.0463     4.7190   3.541967   3.335323     3.9641     4.6385    37.8228    34.6644 0.0000e+00
   1318.559    990.000     0.9936     4.7203   3.493921   3.335634     0.8975     4.6398    40.9515    34.6661 0.0000e+00
   1319.402    991.000     3.6411     4.7207   3.475059   3.335809     3.5639     4.6400    37.4830    34.6673 0.0000e+00
   1320.189    992.000     1.0686     4.7202   3.465485   3.335792     1.0007     4.6394    40.4812    34.6671 0.0000e+00
   1321.250    993.000     4.5737     4.7201   3.456464   3.335803     4.4912     4.6393    36.2241    34.6668 0.0000e+00
   1322.714    994.000     4.7179     4.7236   3.434715   3.336285     4.6351     4.6427    35.8150    34.6683 0.0000e+00
   1324.454    995.000     4.7252     4.7315   3.413670   3.337239     4.6427     4.6504    35.5623    34.6706 0.0000e+00
   1325.352    996.000     4.4075     4.7364   3.409225   3.337970     4.3223     4.6552    35.8497    34.6735 0.0000e+00
   1325.934    997.000   -22.9845     4.7473   3.358369   3.339453   -23.0630     4.6659   102.4913    34.6788 0.0000e+00
   1326.428    998.000    48.2096     4.7534   3.611011   3.339706    47.7583     4.6719    14.6565    34.6750 0.0000e+00
   1326.928    999.000    98.0594     4.7439   3.778288   3.338360    97.1717     4.6623     8.4699    34.6688 0.0000e+00
   1327.629   1000.000    53.1710     4.7343   3.592688   3.337933    52.6700     4.6528    13.5008    34.6732 0.0000e+00
   1330.600   1001.000    -7.3098     4.7292   3.376060   3.337933    -7.2891     4.6476    52.4037    34.6780 0.0000e+00
   1331.718   1002.000   -17.3948     4.7223   3.357031   3.337389   -17.9297     4.6406    78.5884    34.6784 0.0000e+00
   1332.435   1003.000    12.4177     4.7206   3.416639   3.337509    12.2546     4.6388    28.6903    34.6811 0.0000e+00
   1333.156   1004.000     1.6885     4.7181   3.447226   3.336883     1.6193     4.6363    39.4541    34.6759 0.0000e+00
   1333.949   1005.000     3.3362     4.7152   3.435849   3.336671     3.2601     4.6334    37.3498    34.6759 0.0000e+00
   1334.727   1006.000     4.7036     4.7130   3.434060   3.336405     4.6199     4.6311    35.8165    34.6746 0.0000e+00
   1335.572   1007.000     4.7056     4.7112   3.422869   3.336255     4.6220     4.6292    35.6839    34.6743 0.0000e+00
   1337.336   1008.000     4.7071     4.7127   3.404890   3.336642     4.6237     4.6306    35.4730    34.6767 0.0000e+00
   1340.058   1009.000     4.7061     4.7118   3.382271   3.336735     4.6230     4.6296    35.2114    34.6783 0.0000e+00
   1340.851   1010.000     2.2747     4.7086   3.371671   3.336631     2.2011     4.6264    37.7876    34.6798 0.0000e+00
   1341.529   1011.000    48.6645     4.7087   3.553716   3.336514    48.1001     4.6264    14.2963    34.6779 0.0000e+00
   1342.201   1012.000    98.4519     4.7091   3.714574   3.336032    97.5481     4.6267     8.2849    34.6714 0.0000e+00
   1347.139   1013.000    39.1868     4.7100   3.560892   3.337139    38.4509     4.6275    16.8033    34.6828 0.0000e+00
   1361.089   1014.000   -19.3419     4.7171   3.531679   3.337788   -18.9677     4.6344    91.0774    34.6825 0.0000e+00
