tests/data/CTD/dPIRX010.cnv
* Sea-Bird SBE 9 Data File:
* FileName = D:\COMISSOES\PIRATA_BR_X\Bruto\PIRX010.dat
* Software Version Seasave Win32 V 5.37d
* Temperature SN = 1721
* Conductivity SN = 1499
* Number of Bytes Per Scan = 18
* Number of Voltage Words = 0
* Number of Scans Averaged by the Deck Unit = 1
** H40 
** NOc ANTARES 
** 196 
** PIRATA BR X 
**   010
**   04 06.34 N
**   038 00.80 W
**   17/04/2008 00:56
**   4589
** 09P46375-0881 
**   BRUNO
# nquan = 11
# nvalues = 1014                        
# units = specified
# name 0 = timeS: Time, Elapsed [seconds]
# name 1 = prDM: Pressure, Digiquartz [db]
# name 2 = t090C: Temperature [ITS-90, deg C]
# name 3 = t190C: Temperature, 2 [ITS-90, deg C]
# name 4 = c0S/m: Conductivity [S/m]
# name 5 = c1S/m: Conductivity, 2 [S/m]
# name 6 = potemp090C: Potential Temperature [ITS-90, deg C]
# name 7 = potemp190C: Potential Temperature, 2 [ITS-90, deg C]
# name 8 = sal00: Salinity [PSU]
# name 9 = sal11: Salinity, 2 [PSU]
# name 10 = flag:
# span 0 =      0.625,   1361.089       
# span 1 =      1.000,   1014.000       
# span 2 =   -22.9845,    98.4519       
# span 3 =     4.7086,    27.4590       
# span 4 =   3.293909,   5.680211       
# span 5 =   3.329909,   5.672502       
# span 6 =   -23.0630,    97.5481       
# span 7 =     4.6264,    27.4558       
# span 8 =     8.2849,   102.4913       
# span 9 =    34.5406,    36.4032       
# span 10 = 0.0000e+00, 0.0000e+00      
# interval = decibars: 1                
# start_time = Apr 17 2008 00:56:37
# bad_flag = -9.990e-29
*END*
[from data line 132]
    257.560    133.000    13.1139    13.1195   4.145107   4.144547    13.0954    13.1010    35.3013    35.2907 0.0000e+00
    259.130    134.000    13.1043    13.1102   4.144094   4.143562    13.0858    13.0917    35.3001    35.2895 0.0000e+00
    262.784    135.000    13.0971    13.1035   4.143364   4.142879    13.0784    13.0848    35.2994    35.2888 0.0000e+00
    264.061    136.000    13.0878    13.0936   4.142423   4.141853    13.0690    13.0748    35.2987    35.2878 0.0000e+00
    264.567    137.000    13.0794    13.0854   4.141554   4.140941    13.0605    13.0664    35.2978    35.2864 0.0000e+00
    265.821    138.000    13.0628    13.0684   4.139659   4.139069    13.0438    13.0493    35.2947    35.2839 0.0000e+00
    268.212    139.000    13.0489    13.0550   4.138125   4.137574    13.0297    13.0358    35.2926    35.2817 0.0000e+00
    270.986    140.000    13.0344    13.0399   4.136522   4.135982    13.0151    13.0206    35.2905    35.2802 0.0000e+00
    272.955    141.000    13.0211    13.0271   4.135169   4.134547    13.0017    13.0077    35.2895    35.2780 0.0000e+00
    273.576    142.000    12.9665    12.9717   4.129267   4.128054    12.9470    12.9522    35.2836    35.2671 0.0000e+00
    274.327    143.000    12.9000    12.9063   4.121730   4.120986    12.8804    12.8867    35.2731    35.2601 0.0000e+00
    276.799    144.000    12.8632    12.8685   4.117459   4.116927    12.8436    12.8488    35.2661    35.2561 0.0000e+00
    279.515    145.000    12.8344    12.8394   4.114261   4.113632    12.8146    12.8196    35.2619    35.2512 0.0000e+00
    281.677    146.000    12.8044    12.8107   4.110977   4.110388    12.7845    12.7908    35.2581    35.2465 0.0000e+00
    282.324    147.000    12.7782    12.7835   4.108142   4.107427    12.7582    12.7635    35.2549    35.2431 0.0000e+00
    282.985    148.000    12.7601    12.7654   4.106085   4.105422    12.7400    12.7452    35.2516    35.2404 0.0000e+00
    286.137    149.000    12.7321    12.7380   4.103032   4.102398    12.7119    12.7178    35.2481    35.2364 0.0000e+00
    287.414    150.000    12.6990    12.7050   4.099457   4.098790    12.6787    12.6847    35.2442    35.2322 0.0000e+00
    287.876    151.000    12.6833    12.6890   4.097661   4.097056    12.6629    12.6686    35.2412    35.2300 0.0000e+00
    290.646    152.000    12.6693    12.6745   4.096035   4.095485    12.6487    12.6539    35.2382    35.2281 0.0000e+00
    294.003    153.000    12.6537    12.6595   4.094419   4.093772    12.6331    12.6388    35.2368    35.2252 0.0000e+00
    294.573    154.000    12.6185    12.6243   4.090580   4.089908    12.5977    12.6035    35.2324    35.2205 0.0000e+00
    295.259    155.000    12.5931    12.5988   4.087707   4.087122    12.5722    12.5779    35.2281    35.2171 0.0000e+00
    298.925    156.000    12.5653    12.5700   4.084631   4.084061    12.5443    12.5490    35.2241    35.2141 0.0000e+00
    301.253    157.000    12.5546    12.5595   4.083500   4.082922    12.5335    12.5384    35.2227    35.2125 0.0000e+00
    302.267    158.000    12.5448    12.5502   4.082426   4.081913    12.5235    12.5289    35.2211    35.2111 0.0000e+00
    303.068    159.000    12.5319    12.5376   4.081059   4.080501    12.5105    12.5162    35.2196    35.2089 0.0000e+00
    303.750    160.000    12.5136    12.5188   4.079044   4.078427    12.4921    12.4973    35.2168    35.2060 0.0000e+00
    305.894    161.000    12.4903    12.4953   4.076456   4.075878    12.4687    12.4737    35.2132    35.2030 0.0000e+00
    309.277    162.000    12.4766    12.4814   4.075013   4.074381    12.4549    12.4597    35.2117    35.2011 0.0000e+00
    310.944    163.000    12.4651    12.4699   4.073702   4.073142    12.4433    12.4481    35.2094    35.1995 0.0000e+00
    313.732    164.000    12.4539    12.4593   4.072486   4.071994    12.4319    12.4374    35.2077    35.1979 0.0000e+00
    314.339    165.000    12.4442    12.4495   4.071448   4.070934    12.4221    12.4275    35.2064    35.1964 0.0000e+00
    314.922    166.000    12.4271    12.4321   4.069642   4.068944    12.4049    12.4099    35.2045    35.1931 0.0000e+00
    315.518    167.000    12.3964    12.4019   4.066234   4.065599    12.3741    12.3796    35.1999    35.1886 0.0000e+00
    318.795    168.000    12.3749    12.3803   4.063814   4.063350    12.3525    12.3579    35.1962    35.1867 0.0000e+00
    321.562    169.000    12.3620    12.3671   4.062425   4.061875    12.3395    12.3446    35.1945    35.1843 0.0000e+00
    323.030    170.000    12.3449    12.3495   4.060554   4.059983    12.3223    12.3269    35.1920    35.1821 0.0000e+00
    324.231    171.000    12.3286    12.3331   4.058810   4.058228    12.3059    12.3104    35.1899    35.1800 0.0000e+00
    326.266    172.000    12.3184    12.3230   4.057728   4.057181    12.2955    12.3001    35.1886    35.1789 0.0000e+00
    328.583    173.000    12.3117    12.3164   4.057032   4.056515    12.2887    12.2935    35.1877    35.1782 0.0000e+00
    329.406    174.000    12.3078    12.3127   4.056665   4.056160    12.2847    12.2895    35.1873    35.1779 0.0000e+00
    331.702    175.000    12.3044    12.3092   4.056304   4.055795    12.2811    12.2859    35.1866    35.1772 0.0000e+00
    334.308    176.000    12.2997    12.3047   4.055844   4.055339    12.2763    12.2813    35.1862    35.1766 0.0000e+00
    335.125    177.000    12.2898    12.2948   4.054800   4.054260    12.2663    12.2713    35.1849    35.1749 0.0000e+00
    336.030    178.000    12.2770    12.2819   4.053390   4.052853    12.2534    12.2583    35.1828    35.1729 0.0000e+00
    338.118    179.000    12.2696    12.2742   4.052590   4.052079    12.2459    12.2504    35.1815    35.1723 0.0000e+00
    339.896    180.000    12.2697    12.2743   4.052676   4.052163    12.2459    12.2504    35.1818    35.1725 0.0000e+00
    341.542    181.000    12.2676    12.2720   4.052463   4.051923    12.2436    12.2480    35.1813    35.1719 0.0000e+00
    343.785    182.000    12.2596    12.2646   4.051619   4.051118    12.2355    12.2404    35.1802    35.1707 0.0000e+00
    345.056    183.000    12.2508    12.2554   4.050687   4.050154    12.2266    12.2311    35.1790    35.1695 0.0000e+00
    347.232    184.000    12.2375    12.2423   4.049252   4.048706    12.2132    12.2180    35.1771    35.1673 0.0000e+00
    348.628    185.000    12.2136    12.2177   4.046684   4.046071    12.1892    12.1933    35.1742    35.1644 0.0000e+00
    349.987    186.000    12.1942    12.1987   4.044602   4.044029    12.1697    12.1741    35.1717    35.1620 0.0000e+00
    351.508    187.000    12.1756    12.1802   4.042623   4.042084    12.1509    12.1555    35.1696    35.1600 0.0000e+00
    353.455    188.000    12.1662    12.1708   4.041652   4.041135    12.1415    12.1460    35.1685    35.1592 0.0000e+00
    356.097    189.000    12.1632    12.1677   4.041386   4.040868    12.1383    12.1427    35.1684    35.1591 0.0000e+00
    356.827    190.000    12.1594    12.1637   4.041043   4.040517    12.1343    12.1387    35.1682    35.1590 0.0000e+00
    357.698    191.000    12.1526    12.1570   4.040368   4.039814    12.1274    12.1318    35.1675    35.1580 0.0000e+00
    361.656    192.000    12.1339    12.1392   4.038408   4.037831    12.1086    12.1139    35.1656    35.1550 0.0000e+00
    362.480    193.000    12.0900    12.0949   4.033840   4.033062    12.0647    12.0696    35.1620    35.1498 0.0000e+00
    363.041    194.000    12.0531    12.0581   4.029908   4.029042    12.0277    12.0327    35.1580    35.1449 0.0000e+00
    365.395    195.000    12.0085    12.0129   4.024920   4.024340    11.9830    11.9874    35.1509    35.1411 0.0000e+00
    368.385    196.000    12.0041    12.0086   4.024474   4.023985    11.9785    11.9830    35.1503    35.1412 0.0000e+00
    369.072    197.000    12.0027    12.0074   4.024357   4.023854    11.9770    11.9816    35.1500    35.1407 0.0000e+00
    372.149    198.000    11.9957    12.0001   4.023559   4.023051    11.9698    11.9742    35.1484    35.1393 0.0000e+00
    374.111    199.000    11.9783    11.9831   4.021746   4.021213    11.9523    11.9571    35.1467    35.1369 0.0000e+00
    375.996    200.000    11.9540    11.9585   4.019144   4.018641    11.9279    11.9325    35.1437    35.1345 0.0000e+00
    377.124    201.000    11.9310    11.9365   4.016717   4.016160    11.9048    11.9103    35.1413    35.1306 0.0000e+00
    377.836    202.000    11.9004    11.9055   4.013462   4.012874    11.8742    11.8792    35.1378    35.1273 0.0000e+00
    380.804    203.000    11.8786    11.8830   4.011093   4.010575    11.8522    11.8566    35.1348    35.1256 0.0000e+00
    383.177    204.000    11.8739    11.8785   4.010625   4.010121    11.8474    11.8520    35.1342    35.1249 0.0000e+00
    384.494    205.000    11.8638    11.8679   4.009528   4.008968    11.8372    11.8413    35.1326    35.1232 0.0000e+00
    386.259    206.000    11.8406    11.8453   4.007033   4.006498    11.8139    11.8186    35.1296    35.1199 0.0000e+00
    388.622    207.000    11.8078    11.8123   4.003516   4.002989    11.7810    11.7855    35.1257    35.1163 0.0000e+00
    390.819    208.000    11.7942    11.7984   4.002087   4.001574    11.7673    11.7715    35.1240    35.1150 0.0000e+00
    392.218    209.000    11.7936    11.7979   4.002082   4.001584    11.7666    11.7709    35.1241    35.1152 0.0000e+00
    393.292    210.000    11.7892    11.7936   4.001659   4.001148    11.7621    11.7665    35.1237    35.1145 0.0000e+00
    395.626    211.000    11.7797    11.7841   4.000658   4.000166    11.7524    11.7568    35.1224    35.1135 0.0000e+00
    398.769    212.000    11.7712    11.7755   3.999767   3.999271    11.7438    11.7481    35.1213    35.1123 0.0000e+00
    400.392    213.000    11.7645    11.7688   3.999118   3.998595    11.7371    11.7414    35.1207    35.1115 0.0000e+00
    401.292    214.000    11.7561    11.7605   3.998272   3.997786    11.7285    11.7329    35.1200    35.1110 0.0000e+00
    402.170    215.000    11.7539    11.7584   3.998096   3.997608    11.7262    11.7306    35.1199    35.1109 0.0000e+00
    404.236    216.000    11.7520    11.7563   3.997921   3.997429    11.7241    11.7285    35.1195    35.1106 0.0000e+00
    407.126    217.000    11.7531    11.7575   3.998112   3.997636    11.7251    11.7295    35.1199    35.1111 0.0000e+00
    409.291    218.000    11.7538    11.7580   3.998253   3.997752    11.7257    11.7299    35.1202    35.1113 0.0000e+00
    410.516    219.000    11.7501    11.7544   3.997914   3.997399    11.7219    11.7261    35.1199    35.1109 0.0000e+00
    411.458    220.000    11.7421    11.7464   3.997112   3.996562    11.7138    11.7180    35.1191    35.1098 0.0000e+00
    412.288    221.000    11.7348    11.7392   3.996358   3.995836    11.7064    11.7107    35.1182    35.1090 0.0000e+00
    413.147    222.000    11.7308    11.7351   3.995928   3.995418    11.7022    11.7065    35.1174    35.1083 0.0000e+00
    414.196    223.000    11.7276    11.7319   3.995596   3.995095    11.6989    11.7032    35.1167    35.1077 0.0000e+00
    415.432    224.000    11.7255    11.7296   3.995394   3.994880    11.6966    11.7008    35.1163    35.1073 0.0000e+00
    416.635    225.000    11.7197    11.7243   3.994822   3.994345    11.6907    11.6954    35.1157    35.1066 0.0000e+00
    419.130    226.000    11.7150    11.7191   3.994364   3.993847    11.6859    11.6900    35.1152    35.1062 0.0000e+00
    421.376    227.000    11.7142    11.7185   3.994354   3.993863    11.6850    11.6892    35.1154    35.1066 0.0000e+00
    422.107    228.000    11.7131    11.7175   3.994312   3.993825    11.6837    11.6881    35.1156    35.1067 0.0000e+00
    422.887    229.000    11.7129    11.7171   3.994307   3.993806    11.6834    11.6876    35.1153    35.1064 0.0000e+00
    426.418    230.000    11.7125    11.7169   3.994317   3.993835    11.6829    11.6873    35.1153    35.1065 0.0000e+00
    427.829    231.000    11.7095    11.7142   3.994074   3.993580    11.6798    11.6845    35.1154    35.1061 0.0000e+00
    428.466    232.000    11.6958    11.7002   3.992651   3.992055    11.6660    11.6703    35.1139    35.1039 0.0000e+00
    429.113    233.000    11.6837    11.6878   3.991441   3.990858    11.6537    11.6579    35.1130    35.1034 0.0000e+00
    429.936    234.000    11.6720    11.6760   3.990306   3.989709    11.6419    11.6459    35.1125    35.1028 0.0000e+00
    433.460    235.000    11.6553    11.6600   3.988557   3.988059    11.6251    11.6298    35.1106    35.1013 0.0000e+00
    435.390    236.000    11.6397    11.6442   3.986986   3.986410    11.6095    11.6140    35.1094    35.0995 0.0000e+00
    436.162    237.000    11.6241    11.6289   3.985286   3.984755    11.5937    11.5985    35.1071    35.0973 0.0000e+00
    437.211    238.000    11.6004    11.6053   3.982794   3.982256    11.5699    11.5748    35.1045    35.0947 0.0000e+00
    439.483    239.000    11.5863    11.5904   3.981289   3.980793    11.5557    11.5599    35.1026    35.0938 0.0000e+00
    440.701    240.000    11.5835    11.5880   3.981028   3.980544    11.5528    11.5573    35.1023    35.0932 0.0000e+00
    441.617    241.000    11.5818    11.5860   3.980895   3.980394    11.5510    11.5552    35.1021    35.0932 0.0000e+00
    444.266    242.000    11.5807    11.5850   3.980803   3.980309    11.5498    11.5540    35.1018    35.0929 0.0000e+00
    445.556    243.000    11.5730    11.5777   3.980078   3.979542    11.5419    11.5466    35.1016    35.0918 0.0000e+00
    446.235    244.000    11.5591    11.5633   3.978604   3.978009    11.5279    11.5321    35.0998    35.0899 0.0000e+00
    447.693    245.000    11.5359    11.5402   3.976015   3.975493    11.5046    11.5090    35.0958    35.0865 0.0000e+00
    449.942    246.000    11.5222    11.5265   3.974489   3.973976    11.4908    11.4951    35.0932    35.0841 0.0000e+00
    451.424    247.000    11.5087    11.5127   3.972998   3.972459    11.4772    11.4813    35.0909    35.0817 0.0000e+00
    453.652    248.000    11.4997    11.5037   3.972015   3.971483    11.4681    11.4721    35.0893    35.0802 0.0000e+00
    454.714    249.000    11.4932    11.4975   3.971367   3.970859    11.4615    11.4658    35.0886    35.0795 0.0000e+00
    455.895    250.000    11.4900    11.4942   3.971026   3.970531    11.4582    11.4624    35.0878    35.0789 0.0000e+00
    457.402    251.000    11.4887    11.4929   3.970910   3.970427    11.4567    11.4609    35.0875    35.0787 0.0000e+00
    458.437    252.000    11.4858    11.4902   3.970688   3.970195    11.4538    11.4582    35.0875    35.0785 0.0000e+00
    460.103    253.000    11.4825    11.4868   3.970354   3.969860    11.4503    11.4546    35.0870    35.0780 0.0000e+00
    462.832    254.000    11.4798    11.4842   3.970114   3.969622    11.4475    11.4518    35.0867    35.0777 0.0000e+00
    463.670    255.000    11.4774    11.4816   3.969910   3.969413    11.4450    11.4492    35.0865    35.0776 0.0000e+00
    465.608    256.000    11.4759    11.4801   3.969760   3.969256    11.4434    11.4475    35.0860    35.0771 0.0000e+00
    467.583    257.000    11.4671    11.4720   3.968873   3.968379    11.4344    11.4393    35.0852    35.0757 0.0000e+00
    468.327    258.000    11.4458    11.4503   3.966679   3.966070    11.4131    11.4175    35.0832    35.0730 0.0000e+00
    469.827    259.000    11.4209    11.4251   3.963983   3.963415    11.3881    11.3923    35.0797    35.0701 0.0000e+00
    472.206    260.000    11.3986    11.4033   3.961588   3.961106    11.3657    11.3704    35.0768    35.0676 0.0000e+00
    472.983    261.000    11.3759    11.3810   3.959250   3.958656    11.3429    11.3480    35.0747    35.0641 0.0000e+00
    475.628    262.000    11.3463    11.3502   3.956042   3.955494    11.3132    11.3171    35.0707    35.0616 0.0000e+00
