tests/data/CTD/dPIRX010.cnv
* Sea-Bird SBE 9 Data File:
* FileName = D:\COMISSOES\PIRATA_BR_X\Bruto\PIRX010.dat
* Software Version Seasave Win32 V 5.37d
* Temperature SN = 1721
* Conductivity SN = 1499
* Number of Bytes Per Scan = 18
* Number of Voltage Words = 0
* Number of Scans Averaged by the Deck Unit = 1
** H40 
** NOc ANTARES 
** 196 
** PIRATA BR X 
**   010
**   04 06.34 N
**   038 00.80 W
**   17/04/2008 00:56
**   4589
** 09P46375-0881 
**   BRUNO
# nquan = 11
# nvalues = 1014                        
# units = specified
# name 0 = timeS: Time, Elapsed [seconds]
# name 1 = prDM: Pressure, Digiquartz [db]
# name 2 = t090C: Temperature [ITS-90, deg C]
# name 3 = t190C: Temperature, 2 [ITS-90, deg C]
# name 4 = c0S/m: Conductivity [S/m]
# name 5 = c1S/m: Conductivity, 2 [S/m]
# name 6 = potemp090C: Potential Temperature [ITS-90, deg C]
# name 7 = potemp190C: Potential Temperature, 2 [ITS-90, deg C]
# name 8 = sal00: Salinity [PSU]
# name 9 = sal11: Salinity, 2 [PSU]
# name 10 = flag:
# span 0 =      0.625,   1361.089       
# span 1 =      1.000,   1014.000       
# span 2 =   -22.9845,    98.4519       
# span 3 =     4.7086,    27.4590       
# span 4 =   3.293909,   5.680211       
# span 5 =   3.329909,   5.672502       
# span 6 =   -23.0630,    97.5481       
# span 7 =     4.6264,    27.4558       
# span 8 =     8.2849,   102.4913       
# span 9 =    34.5406,    36.4032       
# span 10 = 0.0000e+00, 0.0000e+00      
# interval = decibars: 1                
# start_time = Apr 17 2008 00:56:37
# bad_flag = -9.990e-29
*END*
[from data line 263]
    478.677    264.000    11.3165    11.3207   3.952931   3.952415    11.2832    11.2874    35.0673    35.0581 0.0000e+00
    479.976    265.000    11.3157    11.3199   3.952877   3.952377    11.2823    11.2865    35.0670    35.0580 0.0000e+00
    481.892    266.000    11.3160    11.3201   3.953040   3.952558    11.2824    11.2865    35.0679    35.0593 0.0000e+00
    482.921    267.000    11.3182    11.3225   3.953467   3.952986    11.2845    11.2888    35.0696    35.0608 0.0000e+00
    484.033    268.000    11.3215    11.3255   3.953949   3.953433    11.2877    11.2917    35.0708    35.0619 0.0000e+00
    485.283    269.000    11.3250    11.3292   3.954415   3.953949    11.2910    11.2952    35.0717    35.0631 0.0000e+00
    486.432    270.000    11.3275    11.3317   3.954825   3.954344    11.2935    11.2977    35.0729    35.0641 0.0000e+00
    487.553    271.000    11.3280    11.3323   3.954950   3.954462    11.2938    11.2981    35.0733    35.0643 0.0000e+00
    489.124    272.000    11.3227    11.3269   3.954452   3.953929    11.2884    11.2926    35.0729    35.0637 0.0000e+00
    490.313    273.000    11.3069    11.3117   3.952823   3.952301    11.2725    11.2773    35.0713    35.0616 0.0000e+00
    491.032    274.000    11.2935    11.2981   3.951433   3.950927    11.2590    11.2636    35.0699    35.0605 0.0000e+00
    491.660    275.000    11.2892    11.2933   3.950965   3.950446    11.2545    11.2587    35.0689    35.0597 0.0000e+00
    492.380    276.000    11.2841    11.2884   3.950448   3.949939    11.2493    11.2536    35.0681    35.0590 0.0000e+00
    495.124    277.000    11.2738    11.2780   3.949355   3.948861    11.2389    11.2431    35.0666    35.0578 0.0000e+00
    496.697    278.000    11.2682    11.2725   3.948762   3.948289    11.2332    11.2375    35.0656    35.0568 0.0000e+00
    497.739    279.000    11.2612    11.2658   3.948065   3.947574    11.2261    11.2307    35.0649    35.0557 0.0000e+00
    498.602    280.000    11.2516    11.2560   3.947093   3.946585    11.2164    11.2208    35.0639    35.0547 0.0000e+00
    499.270    281.000    11.2436    11.2480   3.946292   3.945818    11.2083    11.2127    35.0631    35.0542 0.0000e+00
    499.861    282.000    11.2394    11.2437   3.945875   3.945360    11.2040    11.2083    35.0625    35.0533 0.0000e+00
    500.515    283.000    11.2281    11.2324   3.944668   3.944093    11.1926    11.1969    35.0608    35.0511 0.0000e+00
    501.559    284.000    11.1997    11.2043   3.941566   3.940996    11.1641    11.1687    35.0566    35.0466 0.0000e+00
    504.836    285.000    11.1622    11.1665   3.937495   3.937027    11.1266    11.1309    35.0513    35.0426 0.0000e+00
    505.997    286.000    11.1538    11.1586   3.936616   3.936121    11.1180    11.1228    35.0502    35.0407 0.0000e+00
    506.637    287.000    11.1427    11.1472   3.935408   3.934910    11.1069    11.1114    35.0483    35.0390 0.0000e+00
    508.109    288.000    11.1362    11.1406   3.934710   3.934231    11.1002    11.1046    35.0471    35.0382 0.0000e+00
    510.369    289.000    11.1316    11.1360   3.934262   3.933770    11.0956    11.0999    35.0465    35.0375 0.0000e+00
    510.893    290.000    11.1219    11.1270   3.933249   3.932785    11.0857    11.0908    35.0453    35.0358 0.0000e+00
    511.386    291.000    11.1186    11.1230   3.932890   3.932422    11.0823    11.0867    35.0443    35.0356 0.0000e+00
    511.884    292.000    11.1167    11.1210   3.932711   3.932220    11.0803    11.0845    35.0440    35.0350 0.0000e+00
    514.149    293.000    11.1160    11.1203   3.932658   3.932191    11.0794    11.0838    35.0437    35.0349 0.0000e+00
    515.900    294.000    11.1150    11.1194   3.932642   3.932146    11.0784    11.0827    35.0440    35.0349 0.0000e+00
    516.569    295.000    11.1142    11.1185   3.932585   3.932095    11.0774    11.0817    35.0438    35.0348 0.0000e+00
    517.532    296.000    11.1122    11.1166   3.932367   3.931902    11.0753    11.0796    35.0431    35.0343 0.0000e+00
    519.770    297.000    11.1091    11.1134   3.932051   3.931575    11.0721    11.0764    35.0424    35.0336 0.0000e+00
    521.181    298.000    11.1066    11.1110   3.931810   3.931338    11.0694    11.0738    35.0420    35.0331 0.0000e+00
    522.123    299.000    11.0897    11.0956   3.929984   3.929472    11.0525    11.0583    35.0394    35.0287 0.0000e+00
    523.122    300.000    11.0088    11.0157   3.921154   3.920629    10.9716    10.9785    35.0280    35.0162 0.0000e+00
    524.662    301.000    10.9601    10.9647   3.915719   3.915268    10.9228    10.9275    35.0197    35.0108 0.0000e+00
    526.014    302.000    10.9335    10.9389   3.912880   3.912448    10.8962    10.9016    35.0163    35.0068 0.0000e+00
    526.873    303.000    10.9226    10.9270   3.911736   3.911257    10.8852    10.8896    35.0148    35.0058 0.0000e+00
    527.611    304.000    10.9218    10.9262   3.911721   3.911245    10.8843    10.8887    35.0149    35.0060 0.0000e+00
    528.695    305.000    10.9212    10.9256   3.911706   3.911233    10.8836    10.8879    35.0149    35.0060 0.0000e+00
    531.001    306.000    10.9115    10.9171   3.910720   3.910322    10.8737    10.8794    35.0139    35.0045 0.0000e+00
    531.802    307.000    10.8854    10.8903   3.908063   3.907537    10.8476    10.8525    35.0118    35.0018 0.0000e+00
    532.430    308.000    10.8668    10.8716   3.906162   3.905547    10.8290    10.8337    35.0100    34.9993 0.0000e+00
    534.193    309.000    10.8225    10.8267   3.901593   3.901021    10.7846    10.7888    35.0061    34.9964 0.0000e+00
    536.756    310.000    10.8008    10.8055   3.899517   3.899029    10.7628    10.7676    35.0056    34.9962 0.0000e+00
    537.326    311.000    10.7860    10.7909   3.898140   3.897631    10.7479    10.7529    35.0055    34.9956 0.0000e+00
    537.821    312.000    10.7800    10.7846   3.897562   3.897063    10.7419    10.7464    35.0049    34.9955 0.0000e+00
    538.290    313.000    10.7734    10.7779   3.896923   3.896408    10.7351    10.7396    35.0044    34.9949 0.0000e+00
    538.856    314.000    10.7598    10.7642   3.895552   3.894974    10.7214    10.7258    35.0032    34.9932 0.0000e+00
    541.601    315.000    10.7393    10.7439   3.893423   3.892992    10.7009    10.7054    35.0009    34.9923 0.0000e+00
    543.100    316.000    10.7428    10.7472   3.893876   3.893409    10.7042    10.7086    35.0017    34.9928 0.0000e+00
    543.997    317.000    10.7416    10.7460   3.893787   3.893326    10.7029    10.7073    35.0016    34.9927 0.0000e+00
    545.145    318.000    10.7389    10.7432   3.893548   3.893063    10.7001    10.7043    35.0013    34.9923 0.0000e+00
    546.703    319.000    10.7323    10.7364   3.892903   3.892399    10.6933    10.6975    35.0007    34.9917 0.0000e+00
    547.883    320.000    10.7244    10.7291   3.892164   3.891693    10.6854    10.6901    35.0003    34.9911 0.0000e+00
    548.703    321.000    10.7109    10.7156   3.890810   3.890287    10.6718    10.6765    34.9992    34.9894 0.0000e+00
    549.363    322.000    10.6856    10.6908   3.888184   3.887621    10.6464    10.6516    34.9965    34.9860 0.0000e+00
    550.005    323.000    10.6667    10.6710   3.886131   3.885539    10.6274    10.6317    34.9936    34.9835 0.0000e+00
    552.239    324.000    10.6478    10.6522   3.884091   3.883589    10.6085    10.6128    34.9907    34.9815 0.0000e+00
    554.557    325.000    10.6219    10.6271   3.881325   3.880867    10.5825    10.5877    34.9872    34.9776 0.0000e+00
    555.436    326.000    10.6056    10.6102   3.879634   3.879148    10.5661    10.5707    34.9853    34.9760 0.0000e+00
    556.137    327.000    10.6005    10.6051   3.879139   3.878646    10.5609    10.5655    34.9848    34.9754 0.0000e+00
    556.753    328.000    10.5939    10.5979   3.878456   3.877928    10.5542    10.5582    34.9838    34.9746 0.0000e+00
    557.377    329.000    10.5914    10.5957   3.878232   3.877760    10.5516    10.5559    34.9835    34.9746 0.0000e+00
    558.117    330.000    10.5861    10.5907   3.877757   3.877279    10.5461    10.5508    34.9833    34.9741 0.0000e+00
    559.066    331.000    10.5798    10.5850   3.877171   3.876756    10.5398    10.5449    34.9830    34.9738 0.0000e+00
    562.203    332.000    10.5725    10.5765   3.876485   3.875980    10.5323    10.5364    34.9827    34.9737 0.0000e+00
    564.071    333.000    10.5613    10.5661   3.875422   3.874940    10.5210    10.5259    34.9822    34.9727 0.0000e+00
    564.531    334.000    10.5552    10.5602   3.874849   3.874368    10.5148    10.5198    34.9818    34.9722 0.0000e+00
    565.043    335.000    10.5372    10.5420   3.873137   3.872545    10.4968    10.5015    34.9813    34.9708 0.0000e+00
    565.654    336.000    10.5125    10.5170   3.870599   3.869997    10.4720    10.4765    34.9789    34.9686 0.0000e+00
    566.676    337.000    10.4874    10.4919   3.867989   3.867461    10.4469    10.4514    34.9762    34.9665 0.0000e+00
    568.721    338.000    10.4398    10.4443   3.863129   3.862502    10.3992    10.4037    34.9723    34.9617 0.0000e+00
    570.024    339.000    10.3964    10.4015   3.858716   3.858274    10.3558    10.3609    34.9689    34.9595 0.0000e+00
    571.339    340.000    10.3875    10.3915   3.858032   3.857507    10.3468    10.3508    34.9701    34.9609 0.0000e+00
    572.827    341.000    10.3605    10.3652   3.855658   3.855131    10.3197    10.3245    34.9715    34.9617 0.0000e+00
    573.861    342.000    10.3541    10.3587   3.855205   3.854770    10.3133    10.3178    34.9726    34.9639 0.0000e+00
    574.790    343.000    10.3469    10.3515   3.854728   3.854208    10.3060    10.3106    34.9743    34.9646 0.0000e+00
    575.894    344.000    10.3178    10.3224   3.851768   3.851245    10.2768    10.2814    34.9718    34.9621 0.0000e+00
    576.867    345.000    10.2849    10.2903   3.848355   3.847849    10.2439    10.2493    34.9684    34.9580 0.0000e+00
    577.607    346.000    10.2392    10.2451   3.843573   3.843036    10.1981    10.2040    34.9634    34.9522 0.0000e+00
    578.394    347.000    10.2085    10.2128   3.840307   3.839705    10.1675    10.1718    34.9592    34.9490 0.0000e+00
    581.568    348.000    10.1805    10.1849   3.837346   3.836827    10.1393    10.1438    34.9557    34.9461 0.0000e+00
    582.628    349.000    10.1539    10.1608   3.834677   3.834206    10.1128    10.1196    34.9536    34.9422 0.0000e+00
    583.198    350.000    10.0737    10.0815   3.826369   3.825617    10.0326    10.0404    34.9459    34.9307 0.0000e+00
    584.542    351.000    10.0360    10.0414   3.822040   3.821536     9.9949    10.0002    34.9376    34.9273 0.0000e+00
    586.686    352.000    10.0228    10.0277   3.820571   3.820129     9.9816     9.9865    34.9349    34.9257 0.0000e+00
    587.364    353.000     9.9993    10.0050   3.818271   3.817746     9.9581     9.9638    34.9336    34.9228 0.0000e+00
    587.988    354.000     9.9681     9.9738   3.815097   3.814584     9.9268     9.9325    34.9309    34.9202 0.0000e+00
    589.711    355.000     9.9328     9.9366   3.811431   3.810837     9.8915     9.8953    34.9271    34.9173 0.0000e+00
    592.213    356.000     9.8933     9.8994   3.807455   3.807014     9.8519     9.8581    34.9241    34.9136 0.0000e+00
    592.854    357.000     9.8421     9.8484   3.802351   3.801767     9.8008     9.8070    34.9208    34.9088 0.0000e+00
    593.508    358.000     9.7423     9.7499   3.792130   3.791303     9.7011     9.7087    34.9120    34.8962 0.0000e+00
    595.351    359.000     9.6051     9.6092   3.777663   3.777125     9.5641     9.5683    34.8957    34.8861 0.0000e+00
    596.939    360.000     9.5820     9.5879   3.775318   3.774874     9.5410     9.5470    34.8934    34.8831 0.0000e+00
    597.471    361.000     9.5419     9.5486   3.771407   3.770774     9.5010     9.5076    34.8915    34.8785 0.0000e+00
    597.944    362.000     9.5096     9.5153   3.768000   3.767462     9.4685     9.4742    34.8873    34.8762 0.0000e+00
    598.420    363.000     9.5029     9.5074   3.767280   3.766792     9.4618     9.4663    34.8858    34.8764 0.0000e+00
    600.805    364.000     9.4903     9.4939   3.765991   3.765420     9.4491     9.4527    34.8843    34.8749 0.0000e+00
    602.976    365.000     9.4748     9.4793   3.764498   3.764013     9.4336     9.4381    34.8834    34.8740 0.0000e+00
    603.384    366.000     9.4642     9.4695   3.763479   3.762958     9.4228     9.4281    34.8828    34.8723 0.0000e+00
    603.817    367.000     9.4428     9.4484   3.761311   3.760756     9.4014     9.4070    34.8807    34.8695 0.0000e+00
    604.301    368.000     9.4212     9.4247   3.759035   3.758337     9.3798     9.3832    34.8776    34.8671 0.0000e+00
    606.506    369.000     9.4093     9.4123   3.757714   3.757140     9.3677     9.3707    34.8751    34.8663 0.0000e+00
    608.071    370.000     9.3992     9.4039   3.756750   3.756313     9.3576     9.3622    34.8745    34.8654 0.0000e+00
    608.754    371.000     9.3488     9.3551   3.751574   3.750963     9.3072     9.3135    34.8694    34.8570 0.0000e+00
    609.760    372.000     9.2809     9.2860   3.744556   3.744085     9.2393     9.2445    34.8622    34.8523 0.0000e+00
    611.270    373.000     9.2639     9.2680   3.742779   3.742314     9.2223     9.2264    34.8599    34.8510 0.0000e+00
    612.230    374.000     9.2606     9.2653   3.742519   3.742071     9.2189     9.2236    34.8599    34.8506 0.0000e+00
    612.998    375.000     9.2397     9.2443   3.740408   3.739918     9.1979     9.2025    34.8579    34.8483 0.0000e+00
    614.070    376.000     9.2309     9.2353   3.739527   3.739070     9.1891     9.1934    34.8568    34.8478 0.0000e+00
    615.646    377.000     9.2243     9.2290   3.738880   3.738438     9.1824     9.1870    34.8560    34.8469 0.0000e+00
    616.440    378.000     9.2112     9.2160   3.737613   3.737157     9.1692     9.1739    34.8551    34.8458 0.0000e+00
    617.050    379.000     9.2062     9.2107   3.737137   3.736690     9.1641     9.1686    34.8546    34.8455 0.0000e+00
    617.676    380.000     9.1995     9.2040   3.736513   3.736042     9.1573     9.1618    34.8541    34.8449 0.0000e+00
    619.336    381.000     9.1937     9.1982   3.735957   3.735525     9.1514     9.1559    34.8536    34.8447 0.0000e+00
    621.350    382.000     9.1896     9.1940   3.735580   3.735117     9.1472     9.1516    34.8532    34.8441 0.0000e+00
    622.289    383.000     9.1595     9.1655   3.732597   3.732232     9.1170     9.1231    34.8511    34.8414 0.0000e+00
    623.152    384.000     9.1453     9.1499   3.731108   3.730716     9.1028     9.1073    34.8489    34.8404 0.0000e+00
    624.092    385.000     9.1365     9.1409   3.730272   3.729803     9.0939     9.0983    34.8483    34.8391 0.0000e+00
    625.098    386.000     9.1121     9.1167   3.727772   3.727241     9.0694     9.0740    34.8456    34.8356 0.0000e+00
    626.053    387.000     9.0664     9.0718   3.723122   3.722612     9.0238     9.0292    34.8412    34.8307 0.0000e+00
    626.937    388.000     9.0351     9.0396   3.719959   3.719451     8.9925     8.9969    34.8383    34.8286 0.0000e+00
    627.818    389.000     9.0038     9.0083   3.716725   3.716187     8.9611     8.9656    34.8347    34.8247 0.0000e+00
    630.078    390.000     8.9788     8.9833   3.714160   3.713735     8.9361     8.9406    34.8318    34.8230 0.0000e+00
    631.798    391.000     8.9658     8.9707   3.712911   3.712473     8.9230     8.9279    34.8310    34.8216 0.0000e+00
    632.420    392.000     8.9479     8.9536   3.711095   3.710650     8.9051     8.9108    34.8290    34.8188 0.0000e+00
    633.091    393.000     8.9285     8.9332   3.709031   3.708530     8.8857     8.8903    34.8259    34.8161 0.0000e+00
