tests/data/CTD/dPIRX010.cnv
* Sea-Bird SBE 9 Data File:
* FileName = D:\COMISSOES\PIRATA_BR_X\Bruto\PIRX010.dat
* Software Version Seasave Win32 V 5.37d
* Temperature SN = 1721
* Conductivity SN = 1499
* Number of Bytes Per Scan = 18
* Number of Voltage Words = 0
* Number of Scans Averaged by the Deck Unit = 1
** H40 
** NOc ANTARES 
** 196 
** PIRATA BR X 
**   010
**   04 06.34 N
**   038 00.80 W
**   17/04/2008 00:56
**   4589
** 09P46375-0881 
**   BRUNO
# nquan = 11
# nvalues = 1014                        
# units = specified
# name 0 = timeS: Time, Elapsed [seconds]
# name 1 = prDM: Pressure, Digiquartz [db]
# name 2 = t090C: Temperature [ITS-90, deg C]
# name 3 = t190C: Temperature, 2 [ITS-90, deg C]
# name 4 = c0S/m: Conductivity [S/m]
# name 5 = c1S/m: Conductivity, 2 [S/m]
# name 6 = potemp090C: Potential Temperature [ITS-90, deg C]
# name 7 = potemp190C: Potential Temperature, 2 [ITS-90, deg C]
# name 8 = sal00: Salinity [PSU]
# name 9 = sal11: Salinity, 2 [PSU]
# name 10 = flag:
# span 0 =      0.625,   1361.089       
# span 1 =      1.000,   1014.000       
# span 2 =   -22.9845,    98.4519       
# span 3 =     4.7086,    27.4590       
# span 4 =   3.293909,   5.680211       
# span 5 =   3.329909,   5.672502       
# span 6 =   -23.0630,    97.5481       
# span 7 =     4.6264,    27.4558       
# span 8 =     8.2849,   102.4913       
# span 9 =    34.5406,    36.4032       
# span 10 = 0.0000e+00, 0.0000e+00      
# interval = decibars: 1                
# start_time = Apr 17 2008 00:56:37
# bad_flag = -9.990e-29
*END*
      0.625      1.000    27.4365    27.4433   5.607727   5.664277    27.4363    27.4431    35.3159    35.7124 0.0000e+00
     14.147      2.000    27.4461    27.4520   5.680211   5.665232    27.4457    27.4516    35.8232    35.7122 0.0000e+00
     42.245      3.000    27.4506    27.4565   5.667110   5.666194    27.4499    27.4558    35.7264    35.7153 0.0000e+00
     44.505      4.000    27.4499    27.4559   5.667067   5.666004    27.4490    27.4550    35.7262    35.7141 0.0000e+00
     45.378      5.000    27.4492    27.4552   5.666856   5.665798    27.4481    27.4540    35.7249    35.7129 0.0000e+00
     46.394      6.000    27.4482    27.4542   5.666660   5.665561    27.4468    27.4528    35.7240    35.7116 0.0000e+00
     47.998      7.000    27.4475    27.4533   5.666537   5.665440    27.4459    27.4516    35.7234    35.7112 0.0000e+00
     49.570      8.000    27.4465    27.4527   5.666462   5.665422    27.4446    27.4508    35.7233    35.7112 0.0000e+00
     50.531      9.000    27.4474    27.4534   5.666620   5.665565    27.4453    27.4513    35.7234    35.7113 0.0000e+00
     51.315     10.000    27.4481    27.4542   5.666716   5.665696    27.4458    27.4519    35.7233    35.7114 0.0000e+00
     52.030     11.000    27.4474    27.4537   5.666718   5.665718    27.4448    27.4512    35.7236    35.7116 0.0000e+00
     52.811     12.000    27.4477    27.4536   5.666782   5.665732    27.4449    27.4509    35.7235    35.7114 0.0000e+00
     54.222     13.000    27.4482    27.4542   5.666901   5.665853    27.4451    27.4512    35.7236    35.7116 0.0000e+00
     55.959     14.000    27.4491    27.4552   5.666968   5.665921    27.4459    27.4520    35.7231    35.7110 0.0000e+00
     56.733     15.000    27.4506    27.4564   5.668839   5.667461    27.4471    27.4529    35.7349    35.7207 0.0000e+00
     57.346     16.000    27.4511    27.4571   5.670304   5.669166    27.4473    27.4534    35.7447    35.7320 0.0000e+00
     57.937     17.000    27.4518    27.4578   5.670247   5.669153    27.4478    27.4539    35.7434    35.7310 0.0000e+00
     60.389     18.000    27.4509    27.4569   5.671175   5.670183    27.4467    27.4527    35.7504    35.7387 0.0000e+00
     62.009     19.000    27.4517    27.4579   5.671248   5.669998    27.4473    27.4535    35.7500    35.7364 0.0000e+00
     62.492     20.000    27.4522    27.4584   5.671228   5.670017    27.4476    27.4537    35.7491    35.7358 0.0000e+00
     62.911     21.000    27.4528    27.4590   5.670989   5.669888    27.4479    27.4541    35.7467    35.7341 0.0000e+00
     63.332     22.000    27.4516    27.4581   5.671360   5.670208    27.4464    27.4530    35.7500    35.7367 0.0000e+00
     65.849     23.000    27.4485    27.4543   5.671818   5.670834    27.4431    27.4489    35.7553    35.7439 0.0000e+00
     68.524     24.000    27.4449    27.4502   5.672320   5.671291    27.4393    27.4446    35.7613    35.7499 0.0000e+00
     71.850     25.000    27.4437    27.4501   5.672397   5.671339    27.4378    27.4443    35.7625    35.7500 0.0000e+00
     75.312     26.000    27.4429    27.4495   5.672408   5.671326    27.4369    27.4435    35.7628    35.7501 0.0000e+00
     77.340     27.000    27.4364    27.4422   5.672554   5.671515    27.4301    27.4359    35.7686    35.7567 0.0000e+00
     79.276     28.000    27.4339    27.4389   5.672676   5.671628    27.4274    27.4324    35.7710    35.7597 0.0000e+00
     81.145     29.000    27.4253    27.4309   5.672838   5.671803    27.4185    27.4242    35.7785    35.7668 0.0000e+00
     83.990     30.000    27.4114    27.4162   5.673176   5.672174    27.4045    27.4092    35.7912    35.7804 0.0000e+00
     84.755     31.000    27.4043    27.4108   5.673244   5.672213    27.3971    27.4036    35.7968    35.7845 0.0000e+00
     85.522     32.000    27.4040    27.4101   5.673518   5.672502    27.3966    27.4027    35.7987    35.7868 0.0000e+00
     88.986     33.000    27.4010    27.4073   5.673249   5.672209    27.3933    27.3996    35.7988    35.7866 0.0000e+00
     90.958     34.000    27.3981    27.4042   5.672932   5.671878    27.3902    27.3963    35.7985    35.7863 0.0000e+00
     91.721     35.000    27.3960    27.4021   5.672769   5.671722    27.3879    27.3939    35.7986    35.7865 0.0000e+00
     95.756     36.000    27.3952    27.4012   5.672734   5.671689    27.3868    27.3928    35.7986    35.7866 0.0000e+00
     97.429     37.000    27.3937    27.3996   5.672848   5.671782    27.3851    27.3910    35.8003    35.7882 0.0000e+00
     98.868     38.000    27.3764    27.3823   5.671891   5.670792    27.3676    27.3734    35.8064    35.7941 0.0000e+00
    100.356     39.000    27.2958    27.3029   5.668968   5.667831    27.2868    27.2938    35.8472    35.8337 0.0000e+00
    103.064     40.000    27.1237    27.1295   5.663217   5.662051    27.1144    27.1203    35.9385    35.9257 0.0000e+00
    106.542     41.000    26.9626    26.9713   5.658011   5.656748    26.9532    26.9619    36.0256    36.0099 0.0000e+00
    107.240     42.000    26.6479    26.6616   5.641325   5.639484    26.6383    26.6521    36.1505    36.1264 0.0000e+00
    107.901     43.000    26.3750    26.3970   5.621211   5.619535    26.3652    26.3872    36.2186    36.1892 0.0000e+00
    108.682     44.000    25.9358    25.9513   5.585758   5.584176    25.9260    25.9415    36.3068    36.2829 0.0000e+00
    112.062     45.000    25.8210    25.8269   5.575087   5.574091    25.8110    25.8169    36.3194    36.3074 0.0000e+00
    113.046     46.000    25.8024    25.8105   5.573295   5.572311    25.7921    25.8003    36.3207    36.3070 0.0000e+00
    115.894     47.000    25.7900    25.7968   5.572270   5.571306    25.7795    25.7863    36.3227    36.3102 0.0000e+00
    117.431     48.000    25.7494    25.7589   5.568382   5.567253    25.7387    25.7482    36.3261    36.3103 0.0000e+00
    118.014     49.000    25.6410    25.6499   5.557227   5.555474    25.6301    25.6390    36.3301    36.3101 0.0000e+00
    119.821     50.000    25.4406    25.4467   5.535780   5.534472    25.4295    25.4356    36.3315    36.3169 0.0000e+00
    122.040     51.000    25.2774    25.2925   5.517772   5.516855    25.2662    25.2813    36.3284    36.3095 0.0000e+00
    122.871     52.000    24.9462    24.9605   5.482579   5.480782    24.9349    24.9492    36.3322    36.3072 0.0000e+00
    124.838     53.000    24.7947    24.8018   5.466720   5.465590    24.7832    24.7903    36.3354    36.3212 0.0000e+00
    127.323     54.000    24.7345    24.7424   5.461318   5.460351    24.7228    24.7307    36.3432    36.3296 0.0000e+00
    128.069     55.000    24.6941    24.7018   5.458081   5.456921    24.6822    24.6899    36.3513    36.3363 0.0000e+00
    128.851     56.000    24.6248    24.6300   5.451892   5.450391    24.6127    24.6179    36.3605    36.3450 0.0000e+00
    131.109     57.000    24.5066    24.5137   5.441978   5.441034    24.4944    24.5014    36.3814    36.3686 0.0000e+00
    133.184     58.000    24.4924    24.4997   5.440951   5.440042    24.4800    24.4873    36.3849    36.3721 0.0000e+00
    134.082     59.000    24.4617    24.4692   5.438550   5.437426    24.4491    24.4566    36.3914    36.3768 0.0000e+00
    135.165     60.000    24.3244    24.3369   5.424762   5.423906    24.3116    24.3241    36.3986    36.3820 0.0000e+00
    137.150     61.000    24.0119    24.0184   5.393994   5.392492    23.9990    24.0055    36.4199    36.4032 0.0000e+00
    139.564     62.000    23.5658    23.5869   5.344704   5.343722    23.5528    23.5739    36.4092    36.3842 0.0000e+00
    140.343     63.000    23.1143    23.1318   5.293436   5.291606    23.1013    23.1188    36.3864    36.3577 0.0000e+00
    141.085     64.000    22.9155    22.9252   5.269762   5.268625    22.9024    22.9121    36.3672    36.3503 0.0000e+00
    141.963     65.000    22.8114    22.8204   5.259224   5.258010    22.7981    22.8071    36.3713    36.3544 0.0000e+00
    143.839     66.000    22.5472    22.5543   5.229344   5.228043    22.5338    22.5410    36.3577    36.3415 0.0000e+00
    147.165     67.000    22.3186    22.3310   5.203500   5.202417    22.3051    22.3176    36.3455    36.3266 0.0000e+00
    148.143     68.000    21.8833    21.9094   5.153772   5.153368    21.8699    21.8959    36.3176    36.2924 0.0000e+00
    149.255     69.000    20.8729    20.9239   5.039009   5.037087    20.8597    20.9106    36.2531    36.1942 0.0000e+00
    150.700     70.000    19.8420    19.8419   4.920889   4.917641    19.8290    19.8289    36.1708    36.1441 0.0000e+00
    152.291     71.000    19.5595    19.5656   4.887737   4.886508    19.5465    19.5526    36.1399    36.1244 0.0000e+00
    153.311     72.000    19.4807    19.4906   4.878402   4.877607    19.4675    19.4775    36.1301    36.1149 0.0000e+00
    154.101     73.000    19.4079    19.4170   4.870190   4.869131    19.3947    19.4038    36.1244    36.1077 0.0000e+00
    157.046     74.000    19.3391    19.3462   4.862795   4.862035    19.3256    19.3328    36.1221    36.1096 0.0000e+00
    159.140     75.000    19.1495    19.1649   4.841424   4.840088    19.1360    19.1514    36.1078    36.0831 0.0000e+00
    159.989     76.000    18.9326    18.9440   4.816571   4.815834    18.9190    18.9304    36.0876    36.0715 0.0000e+00
    161.168     77.000    18.8371    18.8432   4.805087   4.803891    18.8234    18.8295    36.0738    36.0584 0.0000e+00
    163.166     78.000    18.6738    18.6821   4.786163   4.785187    18.6600    18.6683    36.0563    36.0408 0.0000e+00
    165.074     79.000    18.4649    18.4725   4.762053   4.760921    18.4510    18.4586    36.0345    36.0182 0.0000e+00
    166.130     80.000    18.3533    18.3647   4.749040   4.748386    18.3393    18.3507    36.0214    36.0058 0.0000e+00
    168.703     81.000    18.2121    18.2175   4.732850   4.731937    18.1980    18.2035    36.0070    35.9944 0.0000e+00
    170.334     82.000    18.1679    18.1779   4.728088   4.727268    18.1536    18.1636    36.0048    35.9890 0.0000e+00
    170.909     83.000    18.1017    18.1120   4.720616   4.719712    18.0874    18.0976    35.9987    35.9819 0.0000e+00
    171.456     84.000    17.9840    17.9932   4.706983   4.705073    17.9695    17.9787    35.9852    35.9608 0.0000e+00
    173.878     85.000    17.7601    17.7632   4.680724   4.679276    17.7456    17.7487    35.9567    35.9415 0.0000e+00
    176.993     86.000    17.5010    17.5166   4.651537   4.649224    17.4864    17.5021    35.9334    35.8996 0.0000e+00
    177.458     87.000    17.3033    17.3206   4.627952   4.626530    17.2887    17.3060    35.9038    35.8759 0.0000e+00
    177.938     88.000    17.1672    17.1788   4.611508   4.610126    17.1525    17.1641    35.8810    35.8587 0.0000e+00
    180.368     89.000    17.0637    17.0827   4.598804   4.599000    17.0489    17.0679    35.8618    35.8466 0.0000e+00
    182.676     90.000    16.8609    16.8714   4.576396   4.574096    16.8460    16.8565    35.8459    35.8164 0.0000e+00
    183.160     91.000    16.6222    16.6264   4.548415   4.545306    16.6074    16.6116    35.8126    35.7814 0.0000e+00
    185.345     92.000    16.2709    16.2794   4.507247   4.506141    16.2561    16.2646    35.7626    35.7451 0.0000e+00
    187.995     93.000    15.9205    15.9307   4.466660   4.465017    15.9058    15.9160    35.7155    35.6915 0.0000e+00
    188.760     94.000    15.5989    15.6151   4.429749   4.427944    15.5843    15.6004    35.6739    35.6430 0.0000e+00
    191.198     95.000    15.2665    15.2744   4.391272   4.390315    15.2519    15.2598    35.6268    35.6109 0.0000e+00
    193.645     96.000    15.0293    15.0478   4.365826   4.363139    15.0147    15.0332    35.6105    35.5691 0.0000e+00
    194.092     97.000    14.8829    14.8936   4.347408   4.346581    14.8682    14.8790    35.5752    35.5578 0.0000e+00
    194.527     98.000    14.8030    14.8198   4.338608   4.337403    14.7883    14.8051    35.5670    35.5406 0.0000e+00
    194.996     99.000    14.6668    14.6804   4.322521   4.321523    14.6520    14.6656    35.5434    35.5217 0.0000e+00
    198.392    100.000    14.5719    14.5525   4.311426   4.307489    14.5570    14.5377    35.5276    35.5090 0.0000e+00
    200.924    101.000    14.3824    14.3878   4.290106   4.288082    14.3676    14.3729    35.5039    35.4802 0.0000e+00
    201.951    102.000    14.3197    14.3279   4.282546   4.281971    14.3047    14.3130    35.4910    35.4781 0.0000e+00
    203.467    103.000    14.2946    14.3022   4.279634   4.279004    14.2795    14.2870    35.4867    35.4738 0.0000e+00
    207.075    104.000    14.2477    14.2540   4.274437   4.273861    14.2324    14.2388    35.4811    35.4699 0.0000e+00
    209.432    105.000    14.2512    14.2589   4.275021   4.274562    14.2359    14.2436    35.4828    35.4715 0.0000e+00
    210.260    106.000    14.2473    14.2544   4.274636   4.274118    14.2318    14.2389    35.4825    35.4711 0.0000e+00
    211.074    107.000    14.2406    14.2477   4.273918   4.273387    14.2249    14.2320    35.4815    35.4701 0.0000e+00
    211.986    108.000    14.2240    14.2311   4.272028   4.271420    14.2082    14.2153    35.4789    35.4666 0.0000e+00
    215.556    109.000    14.1992    14.2033   4.269126   4.268299    14.1832    14.1874    35.4743    35.4628 0.0000e+00
    217.931    110.000    14.1820    14.1884   4.267113   4.266488    14.1659    14.1724    35.4709    35.4592 0.0000e+00
    218.916    111.000    14.1511    14.1595   4.263594   4.263105    14.1349    14.1433    35.4662    35.4539 0.0000e+00
    219.636    112.000    14.1233    14.1308   4.260396   4.259722    14.1070    14.1144    35.4616    35.4484 0.0000e+00
    222.398    113.000    14.0342    14.0366   4.249784   4.248629    14.0179    14.0202    35.4442    35.4313 0.0000e+00
    224.985    114.000    13.9714    13.9787   4.242561   4.241991    13.9549    13.9623    35.4343    35.4222 0.0000e+00
    226.420    115.000    13.9395    13.9464   4.238992   4.238431    13.9230    13.9298    35.4299    35.4183 0.0000e+00
    227.690    116.000    13.9314    13.9380   4.238119   4.237586    13.9147    13.9212    35.4288    35.4178 0.0000e+00
    228.432    117.000    13.9263    13.9327   4.237612   4.236999    13.9095    13.9158    35.4283    35.4167 0.0000e+00
    229.115    118.000    13.9108    13.9164   4.235798   4.235051    13.8938    13.8994    35.4253    35.4131 0.0000e+00
    232.291    119.000    13.8916    13.8985   4.233605   4.233066    13.8745    13.8814    35.4220    35.4106 0.0000e+00
    235.346    120.000    13.8329    13.8400   4.226807   4.225619    13.8157    13.8227    35.4121    35.3945 0.0000e+00
    236.173    121.000    13.7149    13.7247   4.213036   4.212369    13.6976    13.7074    35.3915    35.3762 0.0000e+00
    237.073    122.000    13.5243    13.5346   4.191542   4.190396    13.5071    13.5174    35.3650    35.3447 0.0000e+00
    239.952    123.000    13.3550    13.3594   4.171980   4.171012    13.3378    13.3421    35.3366    35.3234 0.0000e+00
    243.257    124.000    13.3051    13.3127   4.166411   4.165843    13.2878    13.2954    35.3298    35.3173 0.0000e+00
    243.902    125.000    13.2753    13.2817   4.162898   4.162171    13.2578    13.2643    35.3237    35.3109 0.0000e+00
    245.761    126.000    13.2595    13.2651   4.161041   4.160408    13.2419    13.2475    35.3203    35.3091 0.0000e+00
    247.385    127.000    13.2079    13.2150   4.155340   4.154643    13.1902    13.1974    35.3137    35.3005 0.0000e+00
    250.597    128.000    13.1500    13.1567   4.148921   4.148490    13.1322    13.1390    35.3061    35.2957 0.0000e+00
    252.511    129.000    13.1445    13.1511   4.148378   4.147853    13.1266    13.1332    35.3056    35.2945 0.0000e+00
    253.480    130.000    13.1332    13.1397   4.147142   4.146617    13.1152    13.1217    35.3039    35.2929 0.0000e+00
    254.516    131.000    13.1245    13.1305   4.146204   4.145664    13.1063    13.1124    35.3027    35.2919 0.0000e+00
