tests/data/CTD/Hotin.cnv
* Sea-Bird SBE19plus  Data File:
* FileName = C:\seabird\dataterm\Somlit2014\HEX\SBE19plus_01906679_2015_02_17_0080.hex
* Software version 2.2.6
* Temperature SN = 6679
* Conductivity SN = 6679
* System UpLoad Time = Feb 17 2015 15:18:16
* <ApplicationData>
* <Seaterm232>
# nquan = 11
# nvalues = 111                         
# units = specified
# name 0 = timeJ: Julian Days
# name 1 = timeS: Time, Elapsed [seconds]
# name 2 = prdM: Pressure, Strain Gauge [db]
# name 3 = tv290C: Temperature [ITS-90, deg C]
# name 4 = c0S/m: Conductivity [S/m]
# name 5 = par: PAR/Irradiance, Biospherical/Licor
# name 6 = sal00: Salinity, Practical [PSU]
# name 7 = depSM: Depth [salt water, m], lat = 48.38
# name 8 = sal00: Salinity, Practical [PSU]
# name 9 = depSM: Depth [salt water, m], lat = 48.38
# name 10 = flag: flag
# span 0 =  40.351596,  40.354707       
# span 1 =     13.914,    282.651       
# span 2 =      0.252,     14.119       
# span 3 =     5.9017,     7.3980       
# span 4 =  -0.342696,   3.517068       
# span 5 = 1.1204e-01, 9.9993e+03       
# span 6 =    -3.9163,    34.4674       
# span 7 =      0.250,     14.000       
# span 8 =    -3.9163,    34.4674       
# span 9 =      0.250,     14.000       
# span 10 = 0.0000e+00, 0.0000e+00      
# interval = meters: 0.25               
# start_time = Feb 09 2015 08:26:04 [Instrument's time stamp, header]
# bad_flag = -9.990e-29
*END*
  40.351596     13.914      0.252     5.9017  -0.342696 8.8403e-01    -3.9163      0.250    -3.9163      0.250 0.0000e+00
  40.351611     15.134      0.504     6.5877   1.874597 6.0423e-01    17.7551      0.500    17.7551      0.500 0.0000e+00
  40.351621     16.068      0.756     6.9733   3.049889 1.8471e+00    29.8222      0.750    29.8222      0.750 0.0000e+00
  40.352690    108.431      1.009     7.1664   3.416030 2.4097e+00    33.5999      1.000    33.5999      1.000 0.0000e+00
  40.353402    169.904      1.261     7.2293   3.490484 2.8443e+00    34.3514      1.250    34.3514      1.250 0.0000e+00
  40.353398    169.592      1.513     7.2297   3.488679 3.5063e+00    34.3312      1.500    34.3312      1.500 0.0000e+00
  40.353412    170.777      1.765     7.2352   3.489768 4.4915e+00    34.3375      1.750    34.3375      1.750 0.0000e+00
  40.353425    171.924      2.017     7.2337   3.489210 5.4052e+00    34.3328      2.000    34.3328      2.000 0.0000e+00
  40.353437    172.994      2.269     7.2306   3.488551 7.7848e+00    34.3285      2.250    34.3285      2.250 0.0000e+00
  40.353449    173.964      2.521     7.2319   3.488855 8.6813e+00    34.3304      2.500    34.3304      2.500 0.0000e+00
  40.353460    174.970      2.773     7.2414   3.490692 1.1661e+01    34.3410      2.750    34.3410      2.750 0.0000e+00
  40.353473    176.077      3.025     7.2525   3.492581 1.3871e+01    34.3505      3.000    34.3505      3.000 0.0000e+00
  40.353486    177.188      3.278     7.2673   3.494994 1.6890e+01    34.3619      3.250    34.3619      3.250 0.0000e+00
  40.353498    178.251      3.530     7.2809   3.497251 2.1594e+01    34.3730      3.500    34.3730      3.500 0.0000e+00
  40.353513    179.466      3.782     7.2857   3.497927 2.4965e+01    34.3754      3.750    34.3754      3.750 0.0000e+00
  40.353527    180.736      4.034     7.2963   3.499681 2.8612e+01    34.3839      4.000    34.3839      4.000 0.0000e+00
  40.353540    181.852      4.286     7.3145   3.502984 3.8379e+01    34.4017      4.250    34.4017      4.250 0.0000e+00
  40.353555    183.204      4.538     7.3200   3.503662 4.1986e+01    34.4035      4.500    34.4035      4.500 0.0000e+00
  40.353570    184.489      4.790     7.3223   3.504049 5.6730e+01    34.4053      4.750    34.4053      4.750 0.0000e+00
  40.353587    185.913      5.043     7.3221   3.503957 6.0150e+01    34.4044      5.000    34.4044      5.000 0.0000e+00
  40.353601    187.151      5.295     7.3227   3.504072 8.0368e+01    34.4050      5.250    34.4050      5.250 0.0000e+00
  40.353616    188.382      5.547     7.3221   3.503929 9.0095e+01    34.4039      5.500    34.4039      5.500 0.0000e+00
  40.353628    189.479      5.799     7.3226   3.504046 1.1615e+02    34.4045      5.750    34.4045      5.750 0.0000e+00
  40.353641    190.584      6.051     7.3237   3.504252 1.3886e+02    34.4055      6.000    34.4055      6.000 0.0000e+00
  40.353654    191.731      6.303     7.3242   3.504318 1.6032e+02    34.4057      6.250    34.4057      6.250 0.0000e+00
  40.353669    192.962      6.555     7.3242   3.504305 1.9215e+02    34.4054      6.500    34.4054      6.500 0.0000e+00
  40.353683    194.255      6.807     7.3232   3.504153 2.2467e+02    34.4046      6.750    34.4046      6.750 0.0000e+00
  40.353697    195.387      7.060     7.3196   3.503497 2.8886e+02    34.4009      7.000    34.4009      7.000 0.0000e+00
  40.353711    196.655      7.312     7.3143   3.502555 3.2876e+02    34.3958      7.250    34.3958      7.250 0.0000e+00
  40.353726    197.956      7.564     7.3120   3.502187 3.8736e+02    34.3940      7.500    34.3940      7.500 0.0000e+00
  40.353739    199.064      7.816     7.3121   3.502274 4.8992e+02    34.3947      7.750    34.3947      7.750 0.0000e+00
  40.353753    200.273      8.068     7.3126   3.502383 5.5392e+02    34.3952      8.000    34.3952      8.000 0.0000e+00
  40.353766    201.416      8.320     7.3140   3.502654 6.6149e+02    34.3966      8.250    34.3966      8.250 0.0000e+00
  40.353779    202.516      8.572     7.3155   3.502901 8.3196e+02    34.3978      8.500    34.3978      8.500 0.0000e+00
  40.353795    203.916      8.825     7.3191   3.503538 9.0938e+02    34.4010      8.750    34.4010      8.750 0.0000e+00
  40.353811    205.267      9.077     7.3267   3.504920 1.1252e+03    34.4084      9.000    34.4084      9.000 0.0000e+00
  40.353827    206.639      9.329     7.3295   3.505338 1.3348e+03    34.4100      9.250    34.4100      9.250 0.0000e+00
  40.353843    208.023      9.581     7.3284   3.505132 1.5769e+03    34.4088      9.500    34.4088      9.500 0.0000e+00
  40.353856    209.179      9.833     7.3259   3.504606 1.9671e+03    34.4054      9.750    34.4054      9.750 0.0000e+00
  40.353870    210.393     10.085     7.3301   3.505445 2.1794e+03    34.4102     10.000    34.4102     10.000 0.0000e+00
  40.353884    211.586     10.337     7.3352   3.506298 2.6128e+03    34.4144     10.250    34.4144     10.250 0.0000e+00
  40.353898    212.785     10.589     7.3491   3.508875 3.1068e+03    34.4284     10.500    34.4284     10.500 0.0000e+00
  40.353913    214.077     10.842     7.3674   3.512141 3.6017e+03    34.4458     10.750    34.4458     10.750 0.0000e+00
  40.353928    215.359     11.094     7.3790   3.514065 4.3799e+03    34.4551     11.000    34.4551     11.000 0.0000e+00
  40.353943    216.690     11.346     7.3850   3.514952 5.0454e+03    34.4587     11.250    34.4587     11.250 0.0000e+00
  40.353958    217.976     11.598     7.3845   3.514809 6.1436e+03    34.4574     11.500    34.4574     11.500 0.0000e+00
  40.353975    219.397     11.850     7.3835   3.514634 7.0447e+03    34.4564     11.750    34.4564     11.750 0.0000e+00
  40.353990    220.707     12.102     7.3847   3.514865 8.3053e+03    34.4576     12.000    34.4576     12.000 0.0000e+00
  40.354004    221.953     12.355     7.3861   3.515117 9.7691e+03    34.4589     12.250    34.4589     12.250 0.0000e+00
  40.354021    223.459     12.607     7.3880   3.515398 9.8880e+03    34.4599     12.500    34.4599     12.500 0.0000e+00
  40.354034    224.504     12.859     7.3917   3.516066 9.9993e+03    34.4634     12.750    34.4634     12.750 0.0000e+00
  40.354046    225.593     13.111     7.3946   3.516564 9.9990e+03    34.4657     13.000    34.4657     13.000 0.0000e+00
  40.354059    226.707     13.363     7.3957   3.516695 9.9990e+03    34.4660     13.250    34.4660     13.250 0.0000e+00
  40.354072    227.820     13.615     7.3973   3.516990 9.9990e+03    34.4674     13.500    34.4674     13.500 0.0000e+00
  40.354086    229.001     13.867     7.3980   3.517068 9.9990e+03    34.4674     13.750    34.4674     13.750 0.0000e+00
  40.354119    231.860     14.119     7.3945   3.516469 9.9990e+03    34.4643     14.000    34.4643     14.000 0.0000e+00
  40.354164    235.807     13.867     7.3955   3.516753 9.9990e+03    34.4666     13.750    34.4666     13.750 0.0000e+00
  40.354168    236.112     13.615     7.3962   3.516825 9.9990e+03    34.4668     13.500    34.4668     13.500 0.0000e+00
  40.354176    236.835     13.363     7.3957   3.516686 9.9990e+03    34.4659     13.250    34.4659     13.250 0.0000e+00
  40.354185    237.551     13.111     7.3951   3.516581 9.9990e+03    34.4654     13.000    34.4654     13.000 0.0000e+00
  40.354193    238.234     12.859     7.3947   3.516494 9.9990e+03    34.4651     12.750    34.4651     12.750 0.0000e+00
  40.354200    238.932     12.607     7.3938   3.516320 9.9781e+03    34.4641     12.500    34.4641     12.500 0.0000e+00
  40.354209    239.648     12.354     7.3929   3.516170 9.7238e+03    34.4635     12.250    34.4635     12.250 0.0000e+00
  40.354217    240.342     12.103     7.3922   3.516027 8.4123e+03    34.4628     12.000    34.4628     12.000 0.0000e+00
  40.354225    241.020     11.850     7.3916   3.515914 6.8723e+03    34.4623     11.750    34.4623     11.750 0.0000e+00
  40.354232    241.700     11.598     7.3912   3.515849 5.7149e+03    34.4621     11.500    34.4621     11.500 0.0000e+00
  40.354241    242.397     11.346     7.3908   3.515779 4.9610e+03    34.4618     11.250    34.4618     11.250 0.0000e+00
  40.354249    243.083     11.094     7.3903   3.515679 4.1033e+03    34.4613     11.000    34.4613     11.000 0.0000e+00
  40.354256    243.776     10.842     7.3895   3.515522 3.4377e+03    34.4606     10.750    34.4606     10.750 0.0000e+00
  40.354265    244.508     10.590     7.3881   3.515268 2.9624e+03    34.4593     10.500    34.4593     10.500 0.0000e+00
  40.354274    245.261     10.337     7.3855   3.514762 2.4746e+03    34.4566     10.250    34.4566     10.250 0.0000e+00
  40.354283    246.029     10.085     7.3806   3.513841 2.1425e+03    34.4515     10.000    34.4515     10.000 0.0000e+00
  40.354291    246.785      9.833     7.3735   3.512540 1.8306e+03    34.4445      9.750    34.4445      9.750 0.0000e+00
  40.354300    247.534      9.581     7.3666   3.511349 1.4919e+03    34.4386      9.500    34.4386      9.500 0.0000e+00
  40.354309    248.308      9.329     7.3600   3.510209 1.3043e+03    34.4328      9.250    34.4328      9.250 0.0000e+00
  40.354318    249.078      9.077     7.3543   3.509138 1.0763e+03    34.4269      9.000    34.4269      9.000 0.0000e+00
  40.354328    249.898      8.825     7.3495   3.508366 9.0240e+02    34.4234      8.750    34.4234      8.750 0.0000e+00
  40.354337    250.770      8.572     7.3453   3.507648 8.3175e+02    34.4199      8.500    34.4199      8.500 0.0000e+00
  40.354346    251.539      8.320     7.3420   3.506850 6.4223e+02    34.4146      8.250    34.4146      8.250 0.0000e+00
  40.354355    252.270      8.068     7.3390   3.506435 4.9976e+02    34.4131      8.000    34.4131      8.000 0.0000e+00
  40.354364    253.077      7.816     7.3359   3.506053 4.1957e+02    34.4122      7.750    34.4122      7.750 0.0000e+00
  40.354376    254.062      7.564     7.3332   3.505619 3.7937e+02    34.4102      7.500    34.4102      7.500 0.0000e+00
  40.354388    255.119      7.312     7.3310   3.505313 3.3482e+02    34.4093      7.250    34.4093      7.250 0.0000e+00
  40.354398    255.994      7.060     7.3284   3.504836 2.6507e+02    34.4068      7.000    34.4068      7.000 0.0000e+00
  40.354407    256.768      6.808     7.3260   3.504437 2.1485e+02    34.4049      6.750    34.4049      6.750 0.0000e+00
  40.354416    257.523      6.555     7.3238   3.504013 1.7808e+02    34.4027      6.500    34.4027      6.500 0.0000e+00
  40.354425    258.334      6.303     7.3226   3.503842 1.5167e+02    34.4021      6.250    34.4021      6.250 0.0000e+00
  40.354435    259.206      6.051     7.3223   3.503832 1.3391e+02    34.4024      6.000    34.4024      6.000 0.0000e+00
  40.354445    260.096      5.799     7.3224   3.503856 1.0937e+02    34.4026      5.750    34.4026      5.750 0.0000e+00
  40.354456    260.989      5.547     7.3222   3.503814 9.2105e+01    34.4025      5.500    34.4025      5.500 0.0000e+00
  40.354466    261.826      5.295     7.3211   3.503611 7.0872e+01    34.4015      5.250    34.4015      5.250 0.0000e+00
  40.354475    262.651      5.043     7.3195   3.503313 5.5946e+01    34.4000      5.000    34.4000      5.000 0.0000e+00
  40.354486    263.624      4.791     7.3186   3.503152 5.3645e+01    34.3993      4.750    34.3993      4.750 0.0000e+00
  40.354497    264.577      4.538     7.3182   3.503107 4.2178e+01    34.3993      4.500    34.3993      4.500 0.0000e+00
  40.354508    265.483      4.286     7.3181   3.503092 3.1670e+01    34.3993      4.250    34.3993      4.250 0.0000e+00
  40.354519    266.431      4.034     7.3179   3.503045 2.8749e+01    34.3992      4.000    34.3992      4.000 0.0000e+00
  40.354529    267.339      3.782     7.3174   3.502966 2.2487e+01    34.3989      3.750    34.3989      3.750 0.0000e+00
  40.354540    268.209      3.530     7.3158   3.502687 2.0576e+01    34.3976      3.500    34.3976      3.500 0.0000e+00
  40.354549    269.018      3.278     7.3112   3.501861 1.3250e+01    34.3933      3.250    34.3933      3.250 0.0000e+00
  40.354559    269.915      3.025     7.3012   3.500006 1.2990e+01    34.3831      3.000    34.3831      3.000 0.0000e+00
  40.354570    270.862      2.773     7.2946   3.498978 1.1740e+01    34.3785      2.750    34.3785      2.750 0.0000e+00
  40.354580    271.708      2.521     7.2903   3.498277 7.0843e+00    34.3752      2.500    34.3752      2.500 0.0000e+00
  40.354590    272.598      2.269     7.2822   3.496846 6.5687e+00    34.3679      2.250    34.3679      2.250 0.0000e+00
  40.354601    273.532      2.017     7.2670   3.494113 6.1331e+00    34.3533      2.000    34.3533      2.000 0.0000e+00
  40.354611    274.422      1.765     7.2494   3.491066 3.5221e+00    34.3375      1.750    34.3375      1.750 0.0000e+00
  40.354622    275.293      1.513     7.2327   3.488106 3.5307e+00    34.3219      1.500    34.3219      1.500 0.0000e+00
  40.354633    276.250      1.261     7.2191   3.485959 2.3870e+00    34.3121      1.250    34.3121      1.250 0.0000e+00
  40.354648    277.578      1.008     7.2104   3.484467 1.9594e+00    34.3045      1.000    34.3045      1.000 0.0000e+00
  40.354677    280.089      0.756     7.2067   3.404446 1.3122e+00    33.4351      0.750    33.4351      0.750 0.0000e+00
  40.354692    281.380      0.504     7.1998   2.826131 1.4908e-01    27.2467      0.500    27.2467      0.500 0.0000e+00
  40.354707    282.651      0.252     7.1917   1.590651 1.1204e-01    14.3296      0.250    14.3296      0.250 0.0000e+00
