tests/data/CTD/PIRA001.cnv
* Sea-Bird SBE 9 Data File:
* FileName = D:\Comissões\PIRATA XIII\Bruto\PIRA001.dat
* Software Version Seasave Win32 V 5.39c
* Temperature SN = 5186
* Conductivity SN = 3217
* Number of Bytes Per Scan = 21
* Number of Voltage Words = 1
* Number of Scans Averaged by the Deck Unit = 1
* NMEA Latitude = 02 00.07 S
* NMEA Longitude = 038 00.39 W
* NMEA UTC (Time) = Aug 24 2011  07:55:20
** H40
** NOc ANTARES
** 214
** Pirata BR-XIII
**   001
**   02 00.07 S
**   038 00.36 W
**   24/08/2011 07:54 Z
**   3150
** 9P53021_0968
**   1T MARINHOS
# nquan = 11
# nvalues = 101895                                
# units = specified
# name 0 = scan: Scan Count
# name 1 = timeJ: Julian Days
# name 2 = dz/dtM: Descent Rate [m/s]
# name 3 = prDM: Pressure, Digiquartz [db]
# name 4 = t090C: Temperature [ITS-90, deg C]
# name 5 = t190C: Temperature, 2 [ITS-90, deg C]
# name 6 = c0S/m: Conductivity [S/m]
# name 7 = c1S/m: Conductivity, 2 [S/m]
# name 8 = sbeox0V: Oxygen Voltage, SBE 43
# name 9 = depSM: Depth [salt water, m]
# name 10 = flag:  0.000e+00
# span 0 =      11767,     113661                 
# span 1 = 236.335767, 236.384905                 
# span 2 =     -2.969,      2.278                 
# span 3 =     -0.834,   1524.507                 
# span 4 =    -5.7334,    27.0669                 
# span 5 =     4.3528,    27.0679                 
# span 6 =   3.290210,   5.715392                 
# span 7 =   3.299468,   5.715008                 
# span 8 =     1.4474,     2.6778                 
# span 9 =     -0.830,   1510.598                 
# span 10 = 0.0000e+00, 0.0000e+00                
# interval = seconds: 0.0416667
# start_time = Aug 24 2011 07:55:20
# bad_flag = -9.990e-29
*END*
      11767 236.335767      0.000      2.126    27.0505    27.0542   5.707280   5.707189     2.6447      2.114  0.000e+00
      11768 236.335767     -0.007      2.007    27.0505    27.0535   5.707222   5.707115     2.6447      1.996  0.000e+00
      11769 236.335768     -0.014      2.007    27.0501    27.0535   5.707255   5.707131     2.6435      1.996  0.000e+00
      11770 236.335768     -0.024      1.944    27.0505    27.0533   5.707255   5.707148     2.6435      1.933  0.000e+00
      11771 236.335769     -0.037      1.889    27.0501    27.0532   5.707189   5.707057     2.6447      1.879  0.000e+00
      11772 236.335769     -0.049      1.889    27.0499    27.0528   5.707198   5.707082     2.6459      1.879  0.000e+00
      11773 236.335770     -0.064      1.826    27.0499    27.0526   5.707181   5.707057     2.6459      1.816  0.000e+00
      11774 236.335770     -0.079      1.826    27.0492    27.0526   5.707123   5.707082     2.6447      1.816  0.000e+00
      11775 236.335771     -0.100      1.715    27.0492    27.0532   5.707115   5.707131     2.6459      1.706  0.000e+00
      11776 236.335771     -0.119      1.715    27.0496    27.0532   5.707181   5.707164     2.6459      1.706  0.000e+00
      11777 236.335772     -0.141      1.652    27.0501    27.0537   5.707181   5.707181     2.6472      1.643  0.000e+00
      11778 236.335772     -0.162      1.652    27.0506    27.0537   5.707338   5.707189     2.6459      1.643  0.000e+00
      11779 236.335773     -0.189      1.534    27.0514    27.0540   5.707404   5.707222     2.6459      1.525  0.000e+00
      11780 236.335773     -0.221      1.415    27.0517    27.0540   5.707395   5.707222     2.6472      1.407  0.000e+00
      11781 236.335774     -0.241      1.597    27.0523    27.0544   5.707404   5.707197     2.6472      1.588  0.000e+00
      11782 236.335774     -0.271      1.415    27.0526    27.0544   5.707437   5.707222     2.6484      1.407  0.000e+00
      11783 236.335774     -0.298      1.415    27.0529    27.0544   5.707486   5.707238     2.6472      1.407  0.000e+00
      11784 236.335775     -0.331      1.297    27.0532    27.0546   5.707552   5.707263     2.6472      1.290  0.000e+00
      11785 236.335775     -0.358      1.360    27.0535    27.0544   5.707519   5.707246     2.6472      1.353  0.000e+00
      11786 236.335776     -0.390      1.242    27.0536    27.0546   5.707527   5.707197     2.6472      1.235  0.000e+00
      11787 236.335776     -0.427      1.123    27.0537    27.0546   5.707511   5.707172     2.6484      1.117  0.000e+00
      11788 236.335777     -0.458      1.186    27.0538    27.0544   5.707593   5.707180     2.6472      1.180  0.000e+00
      11789 236.335777     -0.497      1.005    27.0538    27.0544   5.707527   5.707188     2.6484      0.999  0.000e+00
      11790 236.335778     -0.522      1.186    27.0539    27.0544   5.707527   5.707188     2.6484      1.180  0.000e+00
      11791 236.335778     -0.557      1.005    27.0538    27.0544   5.707544   5.707221     2.6496      0.999  0.000e+00
      11792 236.335779     -0.591      0.950    27.0539    27.0539   5.707536   5.707188     2.6484      0.944  0.000e+00
      11793 236.335779     -0.620      1.005    27.0540    27.0544   5.707511   5.707147     2.6484      0.999  0.000e+00
      11794 236.335780     -0.652      0.894    27.0538    27.0542   5.707527   5.707172     2.6496      0.889  0.000e+00
      11795 236.335780     -0.685      0.831    27.0535    27.0540   5.707469   5.707114     2.6496      0.827  0.000e+00
      11796 236.335781     -0.711      0.894    27.0534    27.0539   5.707445   5.707114     2.6508      0.889  0.000e+00
      11797 236.335781     -0.744      0.713    27.0530    27.0539   5.707445   5.707098     2.6508      0.709  0.000e+00
      11798 236.335782     -0.767      0.831    27.0525    27.0535   5.707370   5.707057     2.6496      0.827  0.000e+00
      11799 236.335782     -0.795      0.713    27.0519    27.0530   5.707321   5.706974     2.6496      0.709  0.000e+00
      11800 236.335783     -0.821      0.657    27.0514    27.0522   5.707263   5.706909     2.6508      0.654  0.000e+00
      11801 236.335783     -0.845      0.657    27.0509    27.0515   5.707123   5.706826     2.6508      0.654  0.000e+00
      11802 236.335784     -0.864      0.657    27.0505    27.0510   5.707172   5.706777     2.6508      0.654  0.000e+00
      11803 236.335784     -0.884      0.594    27.0503    27.0503   5.707180   5.706769     2.6496      0.591  0.000e+00
      11804 236.335785     -0.903      0.539    27.0503    27.0503   5.707123   5.706719     2.6496      0.536  0.000e+00
      11805 236.335785     -0.929      0.365    27.0499    27.0506   5.707147   5.706777     2.6508      0.363  0.000e+00
      11806 236.335786     -0.940      0.539    27.0503    27.0508   5.707205   5.706843     2.6508      0.536  0.000e+00
      11807 236.335786     -0.944      0.594    27.0503    27.0511   5.707205   5.706818     2.6520      0.591  0.000e+00
      11808 236.335787     -0.950      0.484    27.0507    27.0517   5.707255   5.706909     2.6508      0.481  0.000e+00
      11809 236.335787     -0.964      0.302    27.0503    27.0519   5.707222   5.706982     2.6508      0.301  0.000e+00
      11810 236.335788     -0.959      0.539    27.0501    27.0520   5.707180   5.706966     2.6496      0.536  0.000e+00
      11811 236.335788     -0.960      0.365    27.0503    27.0520   5.707197   5.706958     2.6508      0.363  0.000e+00
      11812 236.335788     -0.957      0.365    27.0501    27.0520   5.707180   5.706974     2.6508      0.363  0.000e+00
      11813 236.335789     -0.946      0.421    27.0501    27.0520   5.707164   5.706958     2.6496      0.418  0.000e+00
      11814 236.335789     -0.934      0.365    27.0503    27.0522   5.707205   5.706958     2.6496      0.363  0.000e+00
      11815 236.335790     -0.926      0.247    27.0498    27.0524   5.707032   5.706958     2.6508      0.246  0.000e+00
      11816 236.335790     -0.898      0.484    27.0478    27.0522   5.706735   5.706909     2.6496      0.481  0.000e+00
      11817 236.335791     -0.885      0.302    27.0455    27.0519   5.706536   5.706867     2.6496      0.301  0.000e+00
      11818 236.335791     -0.863      0.365    27.0440    27.0511   5.706438   5.706818     2.6484      0.363  0.000e+00
      11819 236.335792     -0.842      0.365    27.0427    27.0510   5.706371   5.706810     2.6484      0.363  0.000e+00
      11820 236.335792     -0.820      0.365    27.0418    27.0510   5.706264   5.706793     2.6484      0.363  0.000e+00
      11821 236.335793     -0.797      0.302    27.0411    27.0511   5.706231   5.706769     2.6484      0.301  0.000e+00
      11822 236.335793     -0.768      0.421    27.0416    27.0515   5.706339   5.706769     2.6472      0.418  0.000e+00
      11823 236.335794     -0.739      0.365    27.0431    27.0515   5.706578   5.706793     2.6472      0.363  0.000e+00
      11824 236.335794     -0.710      0.421    27.0447    27.0517   5.706792   5.706834     2.6472      0.418  0.000e+00
      11825 236.335795     -0.677      0.421    27.0465    27.0507   5.706900   5.706744     2.6472      0.418  0.000e+00
      11826 236.335795     -0.646      0.421    27.0467    27.0503   5.706858   5.706752     2.6472      0.418  0.000e+00
      11827 236.335796     -0.611      0.421    27.0456    27.0499   5.706735   5.706621     2.6459      0.418  0.000e+00
      11828 236.335796     -0.577      0.484    27.0443    27.0487   5.706520   5.706530     2.6459      0.481  0.000e+00
      11829 236.335797     -0.547      0.484    27.0431    27.0472   5.706363   5.706382     2.6447      0.481  0.000e+00
      11830 236.335797     -0.501      0.539    27.0421    27.0455   5.706388   5.706193     2.6447      0.536  0.000e+00
      11831 236.335798     -0.460      0.594    27.0425    27.0444   5.706454   5.706119     2.6447      0.591  0.000e+00
      11832 236.335798     -0.417      0.594    27.0434    27.0448   5.706594   5.706210     2.6459      0.591  0.000e+00
      11833 236.335799     -0.375      0.657    27.0443    27.0455   5.706619   5.706300     2.6447      0.654  0.000e+00
      11834 236.335799     -0.325      0.713    27.0441    27.0460   5.706669   5.706374     2.6459      0.709  0.000e+00
      11835 236.335800     -0.281      0.713    27.0450    27.0466   5.706768   5.706391     2.6447      0.709  0.000e+00
      11836 236.335800     -0.235      0.831    27.0465    27.0470   5.706925   5.706424     2.6447      0.827  0.000e+00
      11837 236.335801     -0.185      0.831    27.0480    27.0473   5.707123   5.706465     2.6447      0.827  0.000e+00
      11838 236.335801     -0.142      0.894    27.0496    27.0473   5.707230   5.706514     2.6435      0.889  0.000e+00
      11839 236.335802     -0.087      0.894    27.0505    27.0479   5.707329   5.706563     2.6447      0.889  0.000e+00
      11840 236.335802     -0.036      1.005    27.0510    27.0493   5.707420   5.706753     2.6447      0.999  0.000e+00
      11841 236.335802      0.012      1.005    27.0519    27.0509   5.707445   5.706868     2.6447      0.999  0.000e+00
      11842 236.335803      0.066      1.068    27.0523    27.0524   5.707511   5.707008     2.6447      1.062  0.000e+00
      11843 236.335803      0.114      1.068    27.0530    27.0530   5.707494   5.707082     2.6447      1.062  0.000e+00
      11844 236.335804      0.164      1.186    27.0532    27.0537   5.707536   5.707098     2.6447      1.180  0.000e+00
      11845 236.335804      0.214      1.123    27.0534    27.0540   5.707503   5.707147     2.6435      1.117  0.000e+00
      11846 236.335805      0.263      1.305    27.0537    27.0544   5.707560   5.707147     2.6447      1.298  0.000e+00
      11847 236.335805      0.317      1.305    27.0536    27.0544   5.707618   5.707172     2.6435      1.298  0.000e+00
      11848 236.335806      0.363      1.305    27.0539    27.0548   5.707602   5.707221     2.6435      1.298  0.000e+00
      11849 236.335806      0.411      1.415    27.0540    27.0548   5.707618   5.707263     2.6435      1.408  0.000e+00
      11850 236.335807      0.456      1.415    27.0541    27.0550   5.707635   5.707246     2.6435      1.408  0.000e+00
      11851 236.335807      0.500      1.415    27.0540    27.0551   5.707668   5.707271     2.6435      1.408  0.000e+00
      11852 236.335808      0.542      1.479    27.0543    27.0551   5.707684   5.707287     2.6435      1.470  0.000e+00
      11853 236.335808      0.582      1.534    27.0542    27.0553   5.707643   5.707304     2.6423      1.525  0.000e+00
      11854 236.335809      0.612      1.597    27.0545    27.0551   5.707676   5.707320     2.6435      1.588  0.000e+00
      11855 236.335809      0.650      1.597    27.0542    27.0555   5.707676   5.707329     2.6423      1.588  0.000e+00
      11856 236.335810      0.692      1.652    27.0545    27.0551   5.707651   5.707255     2.6435      1.643  0.000e+00
      11857 236.335810      0.728      1.715    27.0543    27.0555   5.707668   5.707287     2.6423      1.706  0.000e+00
      11858 236.335811      0.751      1.715    27.0544    27.0551   5.707685   5.707213     2.6435      1.706  0.000e+00
      11859 236.335811      0.787      1.771    27.0543    27.0550   5.707643   5.707263     2.6423      1.761  0.000e+00
      11860 236.335812      0.807      1.715    27.0546    27.0550   5.707676   5.707246     2.6435      1.706  0.000e+00
      11861 236.335812      0.833      1.889    27.0545    27.0550   5.707676   5.707288     2.6423      1.879  0.000e+00
      11862 236.335813      0.855      1.826    27.0544    27.0551   5.707685   5.707288     2.6423      1.816  0.000e+00
      11863 236.335813      0.875      1.889    27.0545    27.0553   5.707676   5.707288     2.6435      1.879  0.000e+00
      11864 236.335814      0.883      1.889    27.0543    27.0553   5.707718   5.707312     2.6423      1.879  0.000e+00
      11865 236.335814      0.905      1.944    27.0546    27.0553   5.707685   5.707246     2.6435      1.934  0.000e+00
      11866 236.335815      0.909      1.889    27.0547    27.0550   5.707685   5.707271     2.6423      1.879  0.000e+00
      11867 236.335815      0.927      2.126    27.0546    27.0553   5.707710   5.707312     2.6435      2.114  0.000e+00
      11868 236.335815      0.934      2.007    27.0547    27.0553   5.707693   5.707255     2.6435      1.996  0.000e+00
      11869 236.335816      0.936      2.007    27.0547    27.0551   5.707676   5.707288     2.6435      1.996  0.000e+00
      11870 236.335816      0.934      2.063    27.0548    27.0551   5.707685   5.707288     2.6435      2.051  0.000e+00
      11871 236.335817      0.939      2.126    27.0547    27.0553   5.707710   5.707288     2.6447      2.114  0.000e+00
      11872 236.335817      0.933      2.063    27.0548    27.0553   5.707767   5.707312     2.6447      2.051  0.000e+00
      11873 236.335818      0.925      2.063    27.0548    27.0553   5.707734   5.707312     2.6435      2.051  0.000e+00
      11874 236.335818      0.918      2.126    27.0548    27.0553   5.707718   5.707362     2.6447      2.114  0.000e+00
      11875 236.335819      0.902      2.063    27.0548    27.0551   5.707693   5.707271     2.6435      2.051  0.000e+00
      11876 236.335819      0.879      2.007    27.0548    27.0551   5.707709   5.707304     2.6447      1.996  0.000e+00
      11877 236.335820      0.870      2.236    27.0546    27.0551   5.707594   5.707354     2.6447      2.224  0.000e+00
      11878 236.335820      0.850      2.126    27.0536    27.0551   5.707503   5.707304     2.6447      2.114  0.000e+00
      11879 236.335821      0.829      2.126    27.0524    27.0553   5.707388   5.707312     2.6447      2.114  0.000e+00
      11880 236.335821      0.807      2.118    27.0514    27.0551   5.707313   5.707296     2.6459      2.106  0.000e+00
      11881 236.335822      0.782      2.126    27.0510    27.0553   5.707280   5.707304     2.6459      2.114  0.000e+00
      11882 236.335822      0.757      2.126    27.0506    27.0548   5.707256   5.707214     2.6459      2.114  0.000e+00
      11883 236.335823      0.732      2.126    27.0505    27.0535   5.707297   5.707082     2.6459      2.114  0.000e+00
      11884 236.335823      0.703      2.126    27.0510    27.0532   5.706950   5.706901     2.6447      2.114  0.000e+00
      11885 236.335824      0.675      2.063    27.0510    27.0528   5.680215   5.706918     2.6447      2.051  0.000e+00
      11886 236.335824      0.643      2.063    27.0512    27.0520   5.675981   5.706876     2.6447      2.051  0.000e+00
      11887 236.335825      0.613      2.063    27.0513    27.0513   5.694673   5.706786     2.6447      2.051  0.000e+00
      11888 236.335825      0.576      2.007    27.0512    27.0513   5.702980   5.706794     2.6447      1.996  0.000e+00
      11889 236.335826      0.546      2.063    27.0513    27.0517   5.705324   5.706934     2.6447      2.051  0.000e+00
      11890 236.335826      0.511      2.007    27.0514    27.0519   5.706092   5.706992     2.6435      1.996  0.000e+00
      11891 236.335827      0.477      2.007    27.0510    27.0520   5.706636   5.707000     2.6435      1.996  0.000e+00
      11892 236.335827      0.437      1.944    27.0517    27.0526   5.706900   5.707033     2.6435      1.934  0.000e+00
      11893 236.335828      0.406      2.007    27.0518    27.0528   5.707173   5.707033     2.6435      1.996  0.000e+00
      11894 236.335828      0.369      2.007    27.0521    27.0527   5.707330   5.707008     2.6447      1.996  0.000e+00
      11895 236.335829      0.334      1.889    27.0523    27.0532   5.701305   5.706926     2.6435      1.879  0.000e+00
      11896 236.335829      0.301      1.944    27.0526    27.0532   5.694772   5.706728     2.6423      1.934  0.000e+00
      11897 236.335829      0.266      1.944    27.0531    27.0537   5.699498   5.706942     2.6423      1.934  0.000e+00
