tests/data/CTD/PIRA001.cnv
* Sea-Bird SBE 9 Data File:
* FileName = D:\Comissões\PIRATA XIII\Bruto\PIRA001.dat
* Software Version Seasave Win32 V 5.39c
* Temperature SN = 5186
* Conductivity SN = 3217
* Number of Bytes Per Scan = 21
* Number of Voltage Words = 1
* Number of Scans Averaged by the Deck Unit = 1
* NMEA Latitude = 02 00.07 S
* NMEA Longitude = 038 00.39 W
* NMEA UTC (Time) = Aug 24 2011  07:55:20
** H40
** NOc ANTARES
** 214
** Pirata BR-XIII
**   001
**   02 00.07 S
**   038 00.36 W
**   24/08/2011 07:54 Z
**   3150
** 9P53021_0968
**   1T MARINHOS
# nquan = 11
# nvalues = 101895                                
# units = specified
# name 0 = scan: Scan Count
# name 1 = timeJ: Julian Days
# name 2 = dz/dtM: Descent Rate [m/s]
# name 3 = prDM: Pressure, Digiquartz [db]
# name 4 = t090C: Temperature [ITS-90, deg C]
# name 5 = t190C: Temperature, 2 [ITS-90, deg C]
# name 6 = c0S/m: Conductivity [S/m]
# name 7 = c1S/m: Conductivity, 2 [S/m]
# name 8 = sbeox0V: Oxygen Voltage, SBE 43
# name 9 = depSM: Depth [salt water, m]
# name 10 = flag:  0.000e+00
# span 0 =      11767,     113661                 
# span 1 = 236.335767, 236.384905                 
# span 2 =     -2.969,      2.278                 
# span 3 =     -0.834,   1524.507                 
# span 4 =    -5.7334,    27.0669                 
# span 5 =     4.3528,    27.0679                 
# span 6 =   3.290210,   5.715392                 
# span 7 =   3.299468,   5.715008                 
# span 8 =     1.4474,     2.6778                 
# span 9 =     -0.830,   1510.598                 
# span 10 = 0.0000e+00, 0.0000e+00                
# interval = seconds: 0.0416667
# start_time = Aug 24 2011 07:55:20
# bad_flag = -9.990e-29
*END*
[from data line 132]
      11899 236.335830      0.199      1.889    27.0537    27.0544   5.706810   5.707197     2.6423      1.879  0.000e+00
      11900 236.335831      0.160      1.826    27.0534    27.0542   5.707429   5.707189     2.6411      1.816  0.000e+00
      11901 236.335831      0.125      1.826    27.0537    27.0544   5.702039   5.707246     2.6423      1.816  0.000e+00
      11902 236.335832      0.085      1.715    27.0534    27.0546   5.691885   5.707279     2.6411      1.706  0.000e+00
      11903 236.335832      0.061      1.944    27.0540    27.0550   5.698269   5.707033     2.6423      1.934  0.000e+00
      11904 236.335833      0.027      1.771    27.0539    27.0553   5.705431   5.706350     2.6411      1.761  0.000e+00
      11905 236.335833     -0.004      1.771    27.0536    27.0553   5.707313   5.706778     2.6423      1.761  0.000e+00
      11906 236.335834     -0.031      1.771    27.0528    27.0553   5.707354   5.707205     2.6423      1.761  0.000e+00
      11907 236.335834     -0.056      1.826    27.0521    27.0555   5.707231   5.707288     2.6423      1.816  0.000e+00
      11908 236.335835     -0.084      1.715    27.0518    27.0553   5.706752   5.707312     2.6423      1.706  0.000e+00
      11909 236.335835     -0.115      1.715    27.0513    27.0553   5.706636   5.707246     2.6423      1.706  0.000e+00
      11910 236.335836     -0.132      1.771    27.0509    27.0548   5.704465   5.707123     2.6423      1.761  0.000e+00
      11911 236.335836     -0.156      1.715    27.0505    27.0540   5.704383   5.707057     2.6423      1.706  0.000e+00
      11912 236.335837     -0.176      1.715    27.0505    27.0535   5.706446   5.706835     2.6435      1.706  0.000e+00
      11913 236.335837     -0.195      1.715    27.0503    27.0530   5.707214   5.705947     2.6423      1.706  0.000e+00
      11914 236.335838     -0.215      1.652    27.0503    27.0520   5.707255   5.706342     2.6435      1.643  0.000e+00
      11915 236.335838     -0.237      1.652    27.0501    27.0517   5.707231   5.706819     2.6423      1.643  0.000e+00
      11916 236.335839     -0.240      1.715    27.0497    27.0520   5.706570   5.706868     2.6435      1.706  0.000e+00
      11917 236.335839     -0.257      1.597    27.0494    27.0519   5.706017   5.706934     2.6423      1.588  0.000e+00
      11918 236.335840     -0.269      1.652    27.0491    27.0519   5.705266   5.704327     2.6423      1.643  0.000e+00
      11919 236.335840     -0.273      1.715    27.0490    27.0520   5.705340   5.701129     2.6423      1.706  0.000e+00
      11920 236.335841     -0.276      1.652    27.0483    27.0519   5.706207   5.704039     2.6423      1.643  0.000e+00
      11921 236.335841     -0.286      1.597    27.0485    27.0517   5.706636   5.706350     2.6435      1.588  0.000e+00
      11922 236.335842     -0.290      1.652    27.0480    27.0515   5.706554   5.706893     2.6447      1.643  0.000e+00
      11923 236.335842     -0.290      1.652    27.0478    27.0511   5.706306   5.705807     2.6435      1.643  0.000e+00
      11924 236.335842     -0.296      1.597    27.0475    27.0510   5.705629   5.705338     2.6435      1.588  0.000e+00
      11925 236.335843     -0.304      1.597    27.0474    27.0500   5.706207   5.706013     2.6435      1.588  0.000e+00
      11926 236.335843     -0.298      1.597    27.0472    27.0497   5.706777   5.706597     2.6435      1.588  0.000e+00
      11927 236.335844     -0.300      1.534    27.0472    27.0491   5.706925   5.706671     2.6435      1.525  0.000e+00
      11928 236.335844     -0.296      1.597    27.0471    27.0489   5.706793   5.706630     2.6435      1.588  0.000e+00
      11929 236.335845     -0.296      1.534    27.0472    27.0490   5.706785   5.706630     2.6435      1.525  0.000e+00
      11930 236.335845     -0.294      1.534    27.0471    27.0490   5.706719   5.706654     2.6447      1.525  0.000e+00
      11931 236.335846     -0.290      1.534    27.0472    27.0491   5.706562   5.706695     2.6459      1.525  0.000e+00
      11932 236.335846     -0.285      1.534    27.0472    27.0491   5.706752   5.706531     2.6447      1.525  0.000e+00
      11933 236.335847     -0.282      1.479    27.0476    27.0490   5.706876   5.706375     2.6447      1.470  0.000e+00
      11934 236.335847     -0.281      1.479    27.0477    27.0486   5.706950   5.706555     2.6447      1.470  0.000e+00
      11935 236.335848     -0.279      1.479    27.0476    27.0487   5.706876   5.706695     2.6447      1.470  0.000e+00
      11936 236.335848     -0.279      1.415    27.0478    27.0484   5.706867   5.706416     2.6447      1.408  0.000e+00
      11937 236.335849     -0.277      1.479    27.0474    27.0488   5.706925   5.706227     2.6447      1.470  0.000e+00
      11938 236.335849     -0.274      1.415    27.0476    27.0484   5.706471   5.706407     2.6435      1.408  0.000e+00
      11939 236.335850     -0.272      1.415    27.0479    27.0486   5.706471   5.706555     2.6447      1.408  0.000e+00
      11940 236.335850     -0.273      1.360    27.0483    27.0484   5.706686   5.706605     2.6459      1.353  0.000e+00
      11941 236.335851     -0.273      1.415    27.0483    27.0487   5.706958   5.706654     2.6459      1.408  0.000e+00
      11942 236.335851     -0.274      1.305    27.0490    27.0486   5.707057   5.706638     2.6459      1.298  0.000e+00
      11943 236.335852     -0.270      1.360    27.0491    27.0486   5.707107   5.706695     2.6459      1.353  0.000e+00
      11944 236.335852     -0.275      1.305    27.0492    27.0489   5.707148   5.706671     2.6472      1.298  0.000e+00
      11945 236.335853     -0.275      1.305    27.0492    27.0493   5.707131   5.706736     2.6459      1.298  0.000e+00
      11946 236.335853     -0.274      1.297    27.0496    27.0495   5.707181   5.706728     2.6484      1.290  0.000e+00
      11947 236.335854     -0.278      1.242    27.0503    27.0497   5.707255   5.706539     2.6484      1.235  0.000e+00
      11948 236.335854     -0.276      1.305    27.0505    27.0502   5.707255   5.702230     2.6484      1.298  0.000e+00
      11949 236.335855     -0.285      1.186    27.0508    27.0503   5.707296   5.702386     2.6484      1.180  0.000e+00
      11950 236.335855     -0.291      1.186    27.0509    27.0503   5.707305   5.702058     2.6484      1.180  0.000e+00
      11951 236.335856     -0.300      1.242    27.0509    27.0504   5.707305   5.701951     2.6472      1.235  0.000e+00
      11952 236.335856     -0.300      1.123    27.0508    27.0501   5.707197   5.705124     2.6484      1.117  0.000e+00
      11953 236.335856     -0.309      1.123    27.0509    27.0501   5.707205   5.706506     2.6484      1.117  0.000e+00
      11954 236.335857     -0.313      1.187    27.0510    27.0498   5.707280   5.706646     2.6484      1.180  0.000e+00
      11955 236.335857     -0.322      1.068    27.0512    27.0499   5.707304   5.706736     2.6496      1.062  0.000e+00
      11956 236.335858     -0.323      1.123    27.0512    27.0499   5.707338   5.706769     2.6484      1.117  0.000e+00
      11957 236.335858     -0.332      1.068    27.0519    27.0500   5.707354   5.706769     2.6496      1.062  0.000e+00
      11958 236.335859     -0.339      1.068    27.0520    27.0506   5.707387   5.706786     2.6484      1.062  0.000e+00
      11959 236.335859     -0.345      1.005    27.0526    27.0508   5.707511   5.702699     2.6484      0.999  0.000e+00
      11960 236.335860     -0.353      1.005    27.0529    27.0510   5.707503   5.701523     2.6496      0.999  0.000e+00
      11961 236.335860     -0.359      1.005    27.0531    27.0511   5.707536   5.705157     2.6496      0.999  0.000e+00
      11962 236.335861     -0.367      0.950    27.0537    27.0510   5.707569   5.706662     2.6496      0.944  0.000e+00
      11963 236.335861     -0.376      0.950    27.0538    27.0511   5.707552   5.705873     2.6484      0.944  0.000e+00
      11964 236.335862     -0.384      0.950    27.0535    27.0507   5.706867   5.705371     2.6484      0.944  0.000e+00
      11965 236.335862     -0.390      0.894    27.0536    27.0508   5.705521   5.706012     2.6496      0.890  0.000e+00
      11966 236.335863     -0.400      0.894    27.0537    27.0508   5.706479   5.706530     2.6484      0.890  0.000e+00
      11967 236.335863     -0.406      0.894    27.0538    27.0510   5.707288   5.706695     2.6484      0.890  0.000e+00
      11968 236.335864     -0.406      0.894    27.0540    27.0513   5.707535   5.706810     2.6472      0.890  0.000e+00
      11969 236.335864     -0.407      0.894    27.0542    27.0517   5.707585   5.706892     2.6459      0.890  0.000e+00
      11970 236.335865     -0.414      0.831    27.0541    27.0519   5.707544   5.706868     2.6459      0.827  0.000e+00
      11971 236.335865     -0.416      0.831    27.0535    27.0517   5.707469   5.706933     2.6459      0.827  0.000e+00
      11972 236.335866     -0.423      0.713    27.0525    27.0517   5.707304   5.706909     2.6447      0.709  0.000e+00
      11973 236.335866     -0.417      0.950    27.0510    27.0519   5.707181   5.706942     2.6447      0.944  0.000e+00
      11974 236.335867     -0.416      0.831    27.0501    27.0524   5.707131   5.707057     2.6447      0.827  0.000e+00
      11975 236.335867     -0.413      0.831    27.0503    27.0532   5.707148   5.707057     2.6447      0.827  0.000e+00
      11976 236.335868     -0.416      0.776    27.0499    27.0533   5.707131   5.707073     2.6447      0.772  0.000e+00
      11977 236.335868     -0.413      0.776    27.0498    27.0535   5.707148   5.707016     2.6435      0.772  0.000e+00
      11978 236.335869     -0.408      0.831    27.0501    27.0531   5.707238   5.707032     2.6435      0.827  0.000e+00
      11979 236.335869     -0.402      0.831    27.0505    27.0530   5.707255   5.707049     2.6447      0.827  0.000e+00
      11980 236.335870     -0.394      0.831    27.0499    27.0528   5.707189   5.706966     2.6435      0.827  0.000e+00
      11981 236.335870     -0.394      0.658    27.0501    27.0527   5.707197   5.706810     2.6435      0.654  0.000e+00
      11982 236.335870     -0.379      0.950    27.0501    27.0526   5.707181   5.706835     2.6447      0.944  0.000e+00
      11983 236.335871     -0.372      0.776    27.0494    27.0524   5.707164   5.706859     2.6459      0.772  0.000e+00
      11984 236.335871     -0.361      0.831    27.0496    27.0522   5.707164   5.706843     2.6472      0.827  0.000e+00
      11985 236.335872     -0.359      0.713    27.0507    27.0520   5.707403   5.706892     2.6447      0.709  0.000e+00
      11986 236.335872     -0.337      0.950    27.0515    27.0517   5.707461   5.706909     2.6447      0.944  0.000e+00
      11987 236.335873     -0.328      0.776    27.0525    27.0517   5.707544   5.706909     2.6447      0.772  0.000e+00
      11988 236.335873     -0.314      0.831    27.0531    27.0517   5.707552   5.706892     2.6459      0.827  0.000e+00
      11989 236.335874     -0.302      0.831    27.0526    27.0522   5.707428   5.706942     2.6472      0.827  0.000e+00
      11990 236.335874     -0.282      0.894    27.0518    27.0522   5.707403   5.706958     2.6459      0.890  0.000e+00
      11991 236.335875     -0.274      0.776    27.0522    27.0526   5.707461   5.706983     2.6472      0.772  0.000e+00
      11992 236.335875     -0.248      1.005    27.0531    27.0520   5.707560   5.706917     2.6472      0.999  0.000e+00
      11993 236.335876     -0.228      0.950    27.0535    27.0515   5.707577   5.706794     2.6472      0.944  0.000e+00
      11994 236.335876     -0.211      0.894    27.0540    27.0511   5.707585   5.706835     2.6484      0.890  0.000e+00
      11995 236.335877     -0.189      0.950    27.0543    27.0522   5.707618   5.706958     2.6472      0.944  0.000e+00
      11996 236.335877     -0.170      0.950    27.0541    27.0532   5.707602   5.707024     2.6484      0.944  0.000e+00
      11997 236.335878     -0.143      1.005    27.0538    27.0537   5.707577   5.707114     2.6484      0.999  0.000e+00
      11998 236.335878     -0.126      0.950    27.0535    27.0540   5.707478   5.707172     2.6484      0.944  0.000e+00
      11999 236.335879     -0.098      1.123    27.0529    27.0542   5.707511   5.707188     2.6496      1.117  0.000e+00
      12000 236.335879     -0.070      1.068    27.0532    27.0546   5.707115   5.707172     2.6496      1.062  0.000e+00
      12001 236.335880     -0.049      1.068    27.0533    27.0542   5.706834   5.707114     2.6496      1.062  0.000e+00
      12002 236.335880     -0.024      1.123    27.0525    27.0540   5.707073   5.706810     2.6496      1.117  0.000e+00
      12003 236.335881      0.005      1.123    27.0512    27.0537   5.707123   5.706506     2.6484      1.117  0.000e+00
      12004 236.335881      0.026      1.123    27.0499    27.0526   5.707115   5.706613     2.6484      1.117  0.000e+00
      12005 236.335882      0.054      1.187    27.0494    27.0515   5.707115   5.706761     2.6496      1.180  0.000e+00
      12006 236.335882      0.079      1.187    27.0497    27.0506   5.707156   5.706736     2.6496      1.180  0.000e+00
      12007 236.335883      0.107      1.242    27.0505    27.0499   5.707272   5.706753     2.6496      1.235  0.000e+00
      12008 236.335883      0.131      1.242    27.0505    27.0503   5.707305   5.706769     2.6496      1.235  0.000e+00
      12009 236.335883      0.154      1.242    27.0503    27.0506   5.707263   5.706786     2.6496      1.235  0.000e+00
      12010 236.335884      0.176      1.242    27.0509    27.0510   5.707329   5.706843     2.6496      1.235  0.000e+00
      12011 236.335884      0.202      1.360    27.0513    27.0510   5.707387   5.706860     2.6472      1.353  0.000e+00
      12012 236.335885      0.219      1.242    27.0516    27.0507   5.707404   5.706818     2.6484      1.235  0.000e+00
      12013 236.335885      0.246      1.415    27.0515    27.0503   5.707362   5.706761     2.6484      1.408  0.000e+00
      12014 236.335886      0.268      1.415    27.0518    27.0499   5.707354   5.706687     2.6484      1.408  0.000e+00
      12015 236.335886      0.286      1.360    27.0516    27.0498   5.707387   5.706745     2.6472      1.353  0.000e+00
      12016 236.335887      0.306      1.415    27.0515    27.0501   5.707329   5.706794     2.6472      1.408  0.000e+00
      12017 236.335887      0.325      1.415    27.0510    27.0501   5.707338   5.706794     2.6484      1.408  0.000e+00
      12018 236.335888      0.346      1.479    27.0512    27.0504   5.707321   5.706843     2.6484      1.471  0.000e+00
      12019 236.335888      0.362      1.479    27.0510    27.0507   5.707305   5.706860     2.6472      1.471  0.000e+00
      12020 236.335889      0.376      1.479    27.0507    27.0508   5.707346   5.706860     2.6472      1.471  0.000e+00
      12021 236.335889      0.385      1.534    27.0506    27.0515   5.707239   5.706983     2.6472      1.525  0.000e+00
      12022 236.335890      0.406      1.534    27.0505    27.0520   5.707214   5.707041     2.6459      1.525  0.000e+00
      12023 236.335890      0.415      1.479    27.0505    27.0519   5.707247   5.707008     2.6447      1.471  0.000e+00
      12024 236.335891      0.433      1.652    27.0505    27.0519   5.707264   5.707000     2.6447      1.643  0.000e+00
      12025 236.335891      0.442      1.597    27.0505    27.0520   5.707297   5.706983     2.6435      1.588  0.000e+00
      12026 236.335892      0.453      1.652    27.0503    27.0517   5.707305   5.706959     2.6435      1.643  0.000e+00
      12027 236.335892      0.465      1.652    27.0505    27.0515   5.707305   5.706959     2.6423      1.643  0.000e+00
      12028 236.335893      0.474      1.652    27.0508    27.0508   5.707346   5.706885     2.6423      1.643  0.000e+00
