tests/data/CTD/PIRA001.cnv
* Sea-Bird SBE 9 Data File:
* FileName = D:\Comissões\PIRATA XIII\Bruto\PIRA001.dat
* Software Version Seasave Win32 V 5.39c
* Temperature SN = 5186
* Conductivity SN = 3217
* Number of Bytes Per Scan = 21
* Number of Voltage Words = 1
* Number of Scans Averaged by the Deck Unit = 1
* NMEA Latitude = 02 00.07 S
* NMEA Longitude = 038 00.39 W
* NMEA UTC (Time) = Aug 24 2011  07:55:20
** H40
** NOc ANTARES
** 214
** Pirata BR-XIII
**   001
**   02 00.07 S
**   038 00.36 W
**   24/08/2011 07:54 Z
**   3150
** 9P53021_0968
**   1T MARINHOS
# nquan = 11
# nvalues = 101895                                
# units = specified
# name 0 = scan: Scan Count
# name 1 = timeJ: Julian Days
# name 2 = dz/dtM: Descent Rate [m/s]
# name 3 = prDM: Pressure, Digiquartz [db]
# name 4 = t090C: Temperature [ITS-90, deg C]
# name 5 = t190C: Temperature, 2 [ITS-90, deg C]
# name 6 = c0S/m: Conductivity [S/m]
# name 7 = c1S/m: Conductivity, 2 [S/m]
# name 8 = sbeox0V: Oxygen Voltage, SBE 43
# name 9 = depSM: Depth [salt water, m]
# name 10 = flag:  0.000e+00
# span 0 =      11767,     113661                 
# span 1 = 236.335767, 236.384905                 
# span 2 =     -2.969,      2.278                 
# span 3 =     -0.834,   1524.507                 
# span 4 =    -5.7334,    27.0669                 
# span 5 =     4.3528,    27.0679                 
# span 6 =   3.290210,   5.715392                 
# span 7 =   3.299468,   5.715008                 
# span 8 =     1.4474,     2.6778                 
# span 9 =     -0.830,   1510.598                 
# span 10 = 0.0000e+00, 0.0000e+00                
# interval = seconds: 0.0416667
# start_time = Aug 24 2011 07:55:20
# bad_flag = -9.990e-29
*END*
[from data line 263]
      12030 236.335894      0.484      1.715    27.0513    27.0511   5.707346   5.706917     2.6411      1.706  0.000e+00
      12031 236.335894      0.498      1.715    27.0512    27.0510   5.707396   5.706909     2.6411      1.706  0.000e+00
      12032 236.335895      0.503      1.771    27.0514    27.0511   5.707437   5.706909     2.6398      1.761  0.000e+00
      12033 236.335895      0.501      1.652    27.0522    27.0517   5.707445   5.706934     2.6398      1.643  0.000e+00
      12034 236.335896      0.505      1.889    27.0525    27.0522   5.707478   5.707057     2.6423      1.879  0.000e+00
      12035 236.335896      0.516      1.826    27.0526    27.0524   5.707561   5.707024     2.6398      1.816  0.000e+00
      12036 236.335897      0.514      1.826    27.0531    27.0524   5.707544   5.707074     2.6411      1.816  0.000e+00
      12037 236.335897      0.517      1.889    27.0534    27.0530   5.707544   5.707082     2.6411      1.879  0.000e+00
      12038 236.335897      0.517      1.889    27.0533    27.0530   5.707602   5.707131     2.6411      1.879  0.000e+00
      12039 236.335898      0.519      1.889    27.0536    27.0531   5.707569   5.707148     2.6411      1.879  0.000e+00
      12040 236.335898      0.511      1.889    27.0537    27.0535   5.707569   5.707148     2.6398      1.879  0.000e+00
      12041 236.335899      0.521      2.008    27.0534    27.0537   5.707553   5.707197     2.6423      1.997  0.000e+00
      12042 236.335899      0.515      1.826    27.0536    27.0540   5.707602   5.707271     2.6411      1.816  0.000e+00
      12043 236.335900      0.517      2.063    27.0539    27.0542   5.707602   5.707247     2.6411      2.051  0.000e+00
      12044 236.335900      0.516      2.008    27.0540    27.0542   5.707619   5.707238     2.6423      1.997  0.000e+00
      12045 236.335901      0.513      2.008    27.0541    27.0544   5.707635   5.707263     2.6423      1.997  0.000e+00
      12046 236.335901      0.514      2.063    27.0540    27.0540   5.707693   5.707205     2.6423      2.051  0.000e+00
      12047 236.335902      0.505      2.008    27.0542    27.0542   5.707660   5.707222     2.6435      1.997  0.000e+00
      12048 236.335902      0.508      2.063    27.0545    27.0542   5.707668   5.707238     2.6423      2.051  0.000e+00
